0	26666190000.0
200	-927826.92
400	-970071.27
600	-984257.74
800	-991132.02
1000	-995079.32
1200	-998415.82
1400	-1000344.2
1600	-1001960.6
1800	-1003306.8
2000	-1004659.8
2200	-1005749.3
2400	-1006681.9
2600	-1007643.3
2800	-1008640.8
3000	-1009257.8
3200	-1009897.2
3400	-1010452.2
3600	-1010886.7
3800	-1011310.4
3931	-1011635.4
3931	-1011635.4
4000	-976492.63
4200	-973762.48
4400	-967126.16
4600	-958372.58
4800	-951119.86
5000	-947056.0
5200	-947116.44
5400	-948590.02
5600	-947830.97
5800	-948336.13
6000	-949134.16
6200	-948575.84
6400	-948707.12
6600	-948375.4
6800	-948267.14
7000	-948509.3
7200	-948756.95
7400	-948330.5
7600	-948758.13
7800	-948539.03
8000	-948747.56
8200	-948954.65
8400	-948674.23
8600	-949000.62
8800	-949194.18
9000	-949032.08
9200	-948932.19
9400	-949270.1
9600	-948531.32
9800	-948280.32
10000	-948909.62
10200	-948608.94
10400	-948785.42
10600	-948727.66
10800	-948382.68
11000	-948810.75
11200	-948902.94
11400	-948775.82
11600	-949199.15
11800	-948973.21
12000	-948973.44
12200	-949217.71
12400	-948446.84
12600	-949158.54
12800	-949198.26
13000	-948716.24
13200	-949616.87
13400	-949600.63
13600	-948610.94
13800	-949198.75
14000	-949556.91
14200	-949365.63
14400	-949499.25
14600	-948887.61
14800	-949307.21
15000	-949403.83
15200	-949109.14
15400	-949203.65
15600	-949350.66
15800	-949133.06
16000	-949221.56
16200	-949578.27
16400	-948983.61
16600	-949391.07
16800	-949507.91
17000	-948914.37
17200	-949388.88
17400	-949426.74
17600	-949480.42
17800	-949336.86
18000	-949089.13
18200	-949158.98
18400	-949708.07
18600	-949139.1
18800	-949369.79
19000	-949779.86
19200	-949152.11
19400	-949256.03
19600	-949308.77
19800	-949342.44
20000	-949485.35
20200	-949989.21
20400	-949060.2
20600	-949406.95
20800	-949035.35
21000	-949206.3
21200	-949286.93
21400	-948928.51
21600	-949538.14
21800	-949431.09
22000	-949261.14
22200	-949426.52
22400	-949267.55
22600	-949761.54
22800	-949362.48
23000	-949347.85
23200	-949768.85
23400	-949752.48
23600	-949495.6
23800	-949477.85
24000	-949230.65
24200	-949704.27
24400	-949061.9
24600	-948943.15
24800	-949479.45
25000	-949083.74
25200	-949781.74
25400	-949471.43
25600	-949167.57
25800	-949228.36
26000	-948917.85
26200	-948942.82
26400	-949395.98
26600	-949243.85
26800	-949459.3
27000	-948971.45
27200	-949244.51
27400	-949457.82
27600	-948903.75
27800	-949167.94
28000	-949717.05
28200	-949681.22
28400	-949632.15
28600	-949609.78
28800	-950476.09
29000	-949377.33
29200	-949606.52
29400	-949829.47
29600	-949294.31
29800	-949420.8
30000	-949887.84
30200	-949036.83
30400	-949726.16
30600	-949606.8
30800	-948816.8
31000	-948775.49
31200	-949437.9
31400	-949425.91
31600	-949053.86
31800	-949449.63
32000	-949304.78
32200	-948736.13
32400	-949287.5
32600	-949016.47
32800	-949556.65
33000	-949600.66
33200	-949013.92
33400	-949615.4
33600	-949824.51
33800	-949385.58
34000	-949252.92
34200	-949895.3
34400	-949391.74
34600	-949134.53
34800	-949938.45
35000	-949632.18
35200	-949509.18
35400	-949415.23
35600	-949792.48
35800	-949488.36
36000	-949525.49
36200	-949533.04
36400	-949576.29
36600	-949655.0
36800	-949763.39
37000	-949060.32
37200	-949559.72
37400	-949411.41
37600	-949394.18
37800	-949559.44
38000	-949852.47
38200	-949336.19
38400	-949162.9
38600	-949554.27
38800	-948973.71
39000	-949339.5
39200	-949628.63
39400	-949612.95
39600	-949155.09
39800	-949182.24
40000	-949498.54
40200	-948995.55
40400	-949174.65
40600	-949312.21
40800	-949746.45
41000	-949564.78
41200	-949846.1
41400	-949809.63
41600	-949461.19
41800	-949577.65
42000	-949617.61
42200	-949370.21
42400	-948863.57
42600	-949527.1
42800	-949942.65
43000	-949482.04
43200	-949906.4
43400	-949773.64
43600	-949346.93
43800	-949496.9
44000	-949216.06
44200	-948835.57
44400	-949403.69
44600	-949808.12
44800	-949537.86
45000	-949296.51
45200	-949752.71
45400	-949539.41
45600	-949301.23
45800	-949322.95
46000	-949580.2
46200	-949654.35
46400	-949676.84
46600	-949511.11
46800	-949399.66
47000	-950072.98
47200	-949592.59
47400	-949210.08
47600	-949834.76
47800	-949963.06
48000	-949675.9
48200	-949881.76
48400	-949736.67
48600	-950007.15
48800	-949641.66
49000	-949202.23
49200	-949713.29
49400	-950539.16
49600	-949765.26
49800	-949499.32
50000	-949647.41
50200	-949578.43
50400	-949291.5
50600	-950096.3
50800	-949595.94
51000	-949632.68
51200	-948801.56
51400	-949765.19
51600	-949132.04
51800	-949633.73
52000	-949775.04
52200	-949576.95
52400	-950115.24
52600	-949953.53
52800	-949836.33
53000	-949218.68
53200	-950000.21
53400	-949711.28
53600	-949240.2
53800	-949728.47
54000	-949864.4
54200	-949804.92
54400	-949632.08
54600	-950008.16
54800	-949033.29
55000	-950242.9
55200	-949962.37
55400	-949169.88
55600	-949768.42
55800	-949956.42
56000	-949168.62
56200	-950077.89
56400	-949951.81
56600	-949535.34
56800	-949637.18
57000	-949927.48
57200	-949471.73
57400	-949851.19
57600	-949513.86
57800	-949274.6
58000	-949420.06
58200	-949755.07
58400	-949529.78
58600	-949394.61
58800	-949042.4
59000	-949624.79
59200	-949531.01
59400	-949280.06
59600	-949544.15
59800	-949729.32
60000	-949345.23
60200	-949915.05
60400	-949424.84
60600	-949665.63
60800	-949940.19
61000	-949457.28
61200	-949559.89
61400	-949109.38
61600	-949757.14
61800	-950200.97
62000	-949675.46
62200	-949519.33
62400	-949574.18
62600	-949709.47
62800	-949732.89
63000	-949899.63
63200	-949609.5
63400	-950057.59
63600	-949881.02
63800	-949340.4
64000	-950021.54
64200	-950020.02
64400	-949751.11
64600	-949518.18
64800	-950258.65
65000	-949357.0
65200	-950023.17
65400	-949743.7
65600	-949498.07
65800	-949881.43
66000	-949483.86
66200	-949931.92
66400	-949153.7
66600	-949781.74
66800	-950047.26
67000	-949601.26
67200	-949389.66
67400	-949156.22
67600	-949643.83
67800	-950156.15
68000	-949176.67
68200	-950115.99
68400	-949623.32
68600	-949438.14
68800	-949490.18
69000	-949927.27
69200	-949828.52
69400	-949702.26
69600	-949994.0
69800	-949375.0
70000	-949873.7
70200	-949830.22
70400	-949848.24
70600	-949810.77
70800	-949409.94
71000	-949818.9
71200	-949511.92
71400	-949896.41
71600	-949611.18
71800	-949312.73
72000	-949903.41
72200	-949505.17
72400	-949391.04
72600	-949878.43
72800	-949814.73
73000	-949888.26
73200	-949583.15
73400	-949290.4
73600	-949538.27
73800	-950093.87
74000	-949603.9
74200	-950217.36
74400	-950161.54
74600	-949560.74
74800	-949885.41
75000	-949782.47
75200	-949453.09
75400	-949414.47
75600	-949066.61
75800	-950224.83
76000	-949692.55
76200	-949273.79
76400	-949438.63
76600	-949422.15
76800	-949539.11
77000	-949561.35
77200	-949506.64
77400	-949941.52
77600	-949840.03
77800	-949531.89
78000	-949694.55
78200	-949624.06
78400	-949785.48
78600	-949830.92
78800	-949579.0
79000	-949840.32
79200	-949372.49
79400	-949384.59
79600	-949246.84
79800	-950155.83
80000	-949726.49
80200	-949406.4
80400	-949211.55
80600	-949339.71
80800	-949681.26
81000	-949386.75
81200	-949951.0
81400	-949698.51
81600	-949637.05
81800	-948884.1
82000	-949623.13
82200	-949053.05
82400	-949610.51
82600	-949574.59
82800	-949179.16
83000	-949801.77
83200	-949916.35
83400	-949443.68
83600	-949700.36
83800	-949517.29
84000	-949958.97
84200	-949815.94
84400	-949447.42
84600	-950121.91
84800	-949527.65
85000	-949197.96
85200	-949684.17
85400	-949739.16
85600	-949298.13
85800	-949520.58
86000	-949734.41
86200	-949594.85
86400	-949881.47
86600	-949459.19
86800	-949133.06
87000	-948986.39
87200	-949527.86
87400	-949311.16
87600	-948889.28
87800	-949558.69
88000	-949830.85
88200	-948872.57
88400	-949272.54
88600	-949288.57
88800	-948981.94
89000	-949387.99
89200	-949922.31
89400	-949823.2
89600	-949237.17
89800	-949630.1
90000	-949705.71
90200	-949652.09
90400	-949740.5
90600	-949437.0
90800	-949620.34
91000	-949824.66
91200	-949387.89
91400	-949895.37
91600	-949878.17
91800	-949048.21
92000	-949789.98
92200	-949487.58
92400	-949086.48
92600	-949793.95
92800	-949196.44
93000	-950014.44
93200	-949687.69
93400	-949674.82
93600	-949496.23
93800	-949910.36
94000	-950375.4
94200	-949622.92
94400	-949476.78
94600	-949859.71
94800	-949412.38
95000	-949592.01
95200	-949686.6
95400	-949755.39
95600	-949042.17
95800	-949032.58
96000	-949195.49
96200	-949860.48
96400	-949471.78
96600	-949809.2
96800	-949417.87
97000	-948982.53
97200	-949267.52
97400	-949733.12
97600	-949011.0
97800	-949518.78
98000	-949648.19
98200	-949573.49
98400	-950234.33
98600	-949587.44
98800	-949832.8
99000	-949842.21
99200	-950094.98
99400	-949653.55
99600	-950299.6
99800	-949998.67
100000	-949996.49
100200	-949540.02
100400	-949944.86
100600	-949704.63
100800	-949421.02
101000	-949691.54
101200	-949653.3
101400	-949598.02
101600	-949215.05
101800	-949964.73
102000	-949809.32
102200	-949755.41
102400	-949532.85
102600	-949688.49
102800	-949458.06
103000	-949284.86
103200	-949357.46
103400	-949744.98
103600	-949263.2
103800	-949411.43
103931	-949401.95
103931	-949401.95
104000	-949580.77
104200	-949607.73
104400	-949602.4
104600	-949302.58
104800	-949625.25
105000	-949207.72
105200	-949999.55
105400	-950009.29
105600	-949253.14
105800	-949584.92
106000	-949940.68
106200	-949629.71
106400	-949541.63
106600	-949536.36
106800	-949748.43
107000	-949589.21
107200	-949429.73
107400	-949862.79
107600	-950075.86
107800	-949404.0
108000	-949476.56
108200	-950232.12
108400	-950010.31
108600	-949740.1
108800	-950182.83
109000	-949626.66
109200	-949566.95
109400	-950246.62
109600	-949561.69
109800	-949609.64
110000	-949787.21
110200	-949465.12
110400	-949484.57
110600	-949777.0
110800	-950075.91
111000	-949503.62
111200	-950046.68
111400	-950102.21
111600	-949751.14
111800	-949990.53
112000	-950050.28
112200	-949821.94
112400	-950177.12
112600	-949426.04
112800	-949868.61
113000	-950020.07
113200	-949486.31
113400	-949808.78
113600	-950105.79
113800	-949906.35
114000	-950054.82
114200	-950104.67
114400	-950217.91
114600	-950318.42
114800	-950200.91
115000	-950127.47
115200	-950151.58
115400	-949629.27
115600	-950253.21
115800	-950579.46
116000	-949922.59
116200	-950448.63
116400	-950757.21
116600	-950097.14
116800	-950385.83
117000	-949689.44
117200	-949928.64
117400	-950447.4
117600	-949938.48
117800	-950290.64
118000	-950194.47
118200	-949862.57
118400	-950439.14
118600	-950845.85
118800	-950366.49
119000	-949907.28
119200	-950508.42
119400	-950131.33
119600	-950386.13
119800	-950746.86
120000	-950108.25
120200	-950639.27
120400	-951049.98
120600	-950617.62
120800	-949774.01
121000	-950318.82
121200	-950566.85
121400	-950063.44
121600	-949754.01
121800	-950553.35
122000	-950184.95
122200	-949922.29
122400	-950591.39
122600	-949978.13
122800	-950410.49
123000	-950299.19
123200	-950457.27
123400	-950106.75
123600	-950270.55
123800	-950172.73
124000	-950911.94
124200	-950291.56
124400	-950288.33
124600	-950531.43
124800	-949992.22
125000	-950434.15
125200	-950314.16
125400	-949981.99
125600	-950507.61
125800	-950608.55
126000	-950168.06
126200	-950033.22
126400	-950259.47
126600	-950245.4
126800	-950426.36
127000	-950198.39
127200	-950780.38
127400	-950544.52
127600	-950798.58
127800	-950349.39
128000	-950505.36
128200	-951148.65
128400	-950875.23
128600	-950555.31
128800	-950273.01
129000	-950458.35
129200	-950204.43
129400	-950649.2
129600	-950212.5
129800	-950901.0
130000	-950507.23
130200	-950451.94
130400	-950767.78
130600	-950926.82
130800	-950245.26
131000	-950748.68
131200	-950862.81
131400	-950703.3
131600	-950814.22
131800	-950688.25
132000	-950504.42
132200	-951024.84
132400	-950338.04
132600	-950723.09
132800	-950466.02
133000	-950198.27
133200	-950780.4
133400	-950509.08
133600	-950897.27
133800	-950749.14
134000	-950631.54
134200	-950549.8
134400	-951253.0
134600	-950896.87
134800	-950575.1
135000	-951009.18
135200	-950852.22
135400	-950118.53
135600	-951030.06
135800	-951224.59
136000	-950786.58
136200	-950978.05
136400	-951229.16
136600	-950992.04
136800	-951116.68
137000	-950931.46
137200	-950626.68
137400	-951175.49
137600	-951141.75
137800	-950573.89
138000	-950773.21
138200	-950935.11
138400	-951153.58
138600	-950609.48
138800	-950805.14
139000	-950964.83
139200	-950594.96
139400	-951290.47
139600	-951113.33
139800	-951061.02
140000	-951108.61
140200	-951231.22
140400	-951634.9
140600	-951251.45
140800	-951322.58
141000	-951505.38
141200	-951336.58
141400	-951073.83
141600	-950410.53
141800	-951217.29
142000	-950867.06
142200	-950683.36
142400	-951222.98
142600	-950961.29
142800	-950747.67
143000	-951538.8
143200	-950899.06
143400	-951151.19
143600	-951241.77
143800	-951143.98
144000	-951319.03
144200	-950821.42
144400	-950977.84
144600	-951215.85
144800	-951009.96
145000	-951119.35
145200	-950957.04
145400	-951610.31
145600	-950807.74
145800	-951207.34
146000	-951816.21
146200	-951087.67
146400	-950796.94
146600	-951619.48
146800	-951422.18
147000	-951151.71
147200	-951241.56
147400	-951076.64
147600	-951511.08
147800	-951196.06
148000	-951189.99
148200	-951314.24
148400	-951903.07
148600	-951196.96
148800	-951599.23
149000	-951074.94
149200	-951426.16
149400	-951460.48
149600	-950972.18
149800	-951196.61
150000	-951494.35
150200	-951324.76
150400	-951917.11
150600	-951020.36
150800	-951146.68
151000	-951070.91
151200	-951228.22
151400	-951683.09
151600	-951526.08
151800	-951495.18
152000	-951537.07
152200	-951824.43
152400	-951111.77
152600	-951325.43
152800	-951461.23
153000	-951741.32
153200	-951437.14
153400	-951856.88
153600	-951616.49
153800	-951491.64
154000	-951481.38
154200	-952200.16
154400	-952115.57
154600	-951586.76
154800	-951800.57
155000	-952293.82
155200	-951926.62
155400	-951486.05
155600	-952026.0
155800	-951530.91
156000	-951932.0
156200	-952139.53
156400	-951237.66
156600	-951964.68
156800	-951837.49
157000	-951794.21
157200	-952109.45
157400	-951415.01
157600	-951081.62
157800	-951783.79
158000	-951763.18
158200	-952282.76
158400	-951775.51
158600	-951799.26
158800	-951890.87
159000	-951755.97
159200	-951914.4
159400	-951885.21
159600	-951629.46
159800	-951653.28
160000	-951711.99
160200	-951481.11
160400	-951703.37
160600	-952254.76
160800	-952016.77
161000	-952083.23
161200	-951607.94
161400	-951721.34
161600	-952174.87
161800	-951798.69
162000	-951660.84
162200	-951531.18
162400	-951644.57
162600	-951909.67
162800	-951787.76
163000	-951922.13
163200	-952199.93
163400	-951661.85
163600	-952211.52
163800	-951798.72
164000	-952006.55
164200	-952226.85
164400	-951731.78
164600	-952030.36
164800	-951835.59
165000	-952266.32
165200	-952376.71
165400	-952049.98
165600	-952140.59
165800	-952544.78
166000	-952485.37
166200	-952551.61
166400	-952576.06
166600	-952273.33
166800	-952399.69
167000	-952961.42
167200	-952445.56
167400	-952122.08
167600	-952848.4
167800	-952234.81
168000	-952250.84
168200	-952784.99
168400	-952173.18
168600	-951921.73
168800	-952688.96
169000	-952327.39
169200	-951974.49
169400	-952793.49
169600	-951813.82
169800	-952226.69
170000	-952510.48
170200	-953010.33
170400	-951968.44
170600	-951993.48
170800	-952268.85
171000	-952510.56
171200	-952441.24
171400	-952523.44
171600	-952397.33
171800	-952702.39
172000	-952755.7
172200	-952453.53
172400	-952691.19
172600	-952160.65
172800	-952239.69
173000	-952630.35
173200	-952212.03
173400	-952327.62
173600	-952713.78
173800	-952375.38
174000	-952317.31
174200	-952398.81
174400	-952326.0
174600	-951989.76
174800	-952462.52
175000	-952939.37
175200	-952415.87
175400	-952024.52
175600	-952358.81
175800	-952666.43
176000	-952232.43
176200	-952576.44
176400	-952693.15
176600	-952731.9
176800	-952658.73
177000	-952075.57
177200	-952773.98
177400	-952396.68
177600	-952230.31
177800	-953127.55
178000	-952527.28
178200	-952575.48
178400	-952712.76
178600	-952057.54
178800	-952525.42
179000	-952225.44
179200	-952681.41
179400	-952563.33
179600	-952565.9
179800	-952010.78
180000	-952632.64
180200	-952716.06
180400	-952339.8
180600	-953229.0
180800	-952657.17
181000	-952838.12
181200	-953036.7
181400	-952882.65
181600	-952800.31
181800	-953031.54
182000	-952786.61
182200	-952956.0
182400	-953203.62
182600	-952456.92
182800	-952866.72
183000	-952616.17
183200	-952898.19
183400	-952841.45
183600	-952641.73
183800	-952814.79
184000	-953335.43
184200	-952983.89
184400	-952941.65
184600	-953115.39
184800	-952817.81
185000	-953010.16
185200	-952554.57
185400	-952978.17
185600	-953373.42
185800	-952911.73
186000	-953237.92
186200	-953727.3
186400	-953086.34
186600	-952853.69
186800	-953029.98
187000	-952958.6
187200	-952981.44
187400	-953035.02
187600	-953118.78
187800	-953002.5
188000	-953260.77
188200	-953177.66
188400	-952699.74
188600	-953473.63
188800	-953063.22
189000	-953111.44
189200	-953304.75
189400	-953014.25
189600	-953359.26
189800	-953066.54
190000	-953282.16
190200	-953208.82
190400	-953073.84
190600	-953369.04
190800	-952865.49
191000	-952802.65
191200	-953363.62
191400	-953385.97
191600	-952576.9
191800	-953068.19
192000	-953308.47
192200	-952842.86
192400	-953641.26
192600	-953257.63
192800	-952999.12
193000	-953072.95
193200	-953421.49
193400	-953461.32
193600	-953072.94
193800	-953594.9
194000	-953377.14
194200	-953221.14
194400	-953527.94
194600	-953089.76
194800	-953530.09
195000	-953157.27
195200	-953043.05
195400	-953017.29
195600	-953427.85
195800	-952800.3
196000	-952977.22
196200	-953106.64
196400	-953399.6
196600	-953474.88
196800	-953279.62
197000	-953368.28
197200	-953649.59
197400	-953544.4
197600	-953115.44
197800	-953221.31
198000	-953574.88
198200	-953626.81
198400	-953591.75
198600	-953552.74
198800	-953388.3
199000	-953365.78
199200	-953487.57
199400	-953170.85
199600	-953329.25
199800	-953606.92
200000	-952837.05
200200	-953821.11
200400	-953564.68
200600	-953218.43
200800	-953759.3
201000	-953583.96
201200	-953918.78
201400	-953636.58
201600	-953215.78
201800	-954059.58
202000	-953415.99
202200	-953141.51
202400	-953656.97
202600	-953758.69
202800	-953700.94
203000	-953532.81
203200	-953852.91
203400	-953380.62
203600	-953167.1
203800	-953691.44
204000	-953782.24
204200	-953513.71
204400	-953744.92
204600	-953848.92
204800	-953382.41
205000	-953293.02
205200	-953652.5
205400	-953727.13
205600	-953727.86
205800	-954065.05
206000	-953441.76
206200	-953352.73
206400	-954115.56
206600	-953636.63
206800	-953750.21
207000	-954145.74
207200	-953437.04
207400	-953566.93
207600	-954086.46
207800	-953998.37
208000	-953685.54
208200	-953811.66
208400	-954006.86
208600	-953559.93
208800	-954178.85
209000	-953904.89
209200	-953471.71
209400	-954025.24
209600	-953535.41
209800	-953659.97
210000	-953997.23
210200	-954120.59
210400	-953459.65
210600	-953815.67
210800	-953981.74
211000	-954000.25
211200	-954216.51
211400	-953885.13
211600	-954281.57
211800	-954402.86
212000	-954360.3
212200	-953932.08
212400	-954088.09
212600	-954045.56
212800	-954172.47
213000	-953936.18
213200	-954225.77
213400	-953474.47
213600	-953992.96
213800	-954351.18
214000	-953793.58
214200	-954182.64
214400	-954148.7
214600	-954675.12
214800	-954424.91
215000	-954143.07
215200	-954474.0
215400	-953898.19
215600	-954342.56
215800	-953830.97
216000	-954115.54
216200	-954039.1
216400	-954096.46
216600	-954199.67
216800	-954109.44
217000	-954695.63
217200	-954507.59
217400	-954643.12
217600	-954773.61
217800	-954454.76
218000	-953934.68
218200	-954566.91
218400	-954432.63
218600	-954205.06
218800	-954482.65
219000	-953918.77
219200	-954411.45
219400	-954383.84
219600	-954267.85
219800	-954817.15
220000	-954083.95
220200	-954179.69
220400	-954095.58
220600	-954234.36
220800	-954988.35
221000	-954418.47
221200	-954691.22
221400	-954693.32
221600	-954546.07
221800	-955191.62
222000	-954165.55
222200	-954340.62
222400	-954659.96
222600	-954232.97
222800	-954259.94
223000	-954285.86
223200	-954298.4
223400	-954276.63
223600	-953783.39
223800	-954758.66
224000	-954216.04
224200	-955060.1
224400	-954345.08
224600	-954260.59
224800	-954672.27
225000	-954460.69
225200	-954139.95
225400	-954869.99
225600	-954558.09
225800	-954485.68
226000	-954710.68
226200	-954639.82
226400	-954345.71
226600	-954844.95
226800	-954802.0
227000	-954627.53
227200	-954105.26
227400	-954517.4
227600	-954960.23
227800	-955352.33
228000	-955000.79
228200	-954814.19
228400	-954896.37
228600	-954628.11
228800	-954899.55
229000	-954809.57
229200	-954269.39
229400	-954674.2
229600	-954747.21
229800	-954485.12
230000	-955314.34
230200	-955143.15
230400	-954442.65
230600	-954814.25
230800	-954826.32
231000	-954862.2
231200	-954665.47
231400	-954790.25
231600	-955253.26
231800	-954947.67
232000	-954677.97
232200	-954851.97
232400	-955323.98
232600	-954799.3
232800	-954712.8
233000	-955396.48
233200	-954924.54
233400	-955135.88
233600	-954880.74
233800	-954547.14
234000	-955215.2
234200	-955089.17
234400	-955282.11
234600	-954891.51
234800	-954936.87
235000	-954527.68
235200	-955204.19
235400	-955297.21
235600	-955247.55
235800	-954901.39
236000	-954937.7
236200	-955055.57
236400	-954929.74
236600	-955025.25
236800	-955269.34
237000	-954745.78
237200	-954920.05
237400	-955239.39
237600	-955607.71
237800	-954643.69
238000	-954963.17
238200	-955356.94
238400	-955046.14
238600	-955146.77
238800	-955467.99
239000	-955186.69
239200	-954965.53
239400	-955457.85
239600	-955545.38
239800	-955207.23
240000	-955382.21
240200	-955093.62
240400	-955431.27
240600	-955339.05
240800	-955123.07
241000	-955626.89
241200	-955476.65
241400	-955268.9
241600	-955567.49
241800	-955414.14
242000	-955118.02
242200	-955469.87
242400	-955179.03
242600	-955298.79
242800	-955698.55
243000	-955528.45
243200	-955541.89
243400	-955084.41
243600	-955317.28
243800	-955472.51
244000	-955574.64
244200	-955475.09
244400	-955264.02
244600	-955514.48
244800	-956011.1
245000	-954932.98
245200	-955041.97
245400	-955683.2
245600	-955871.19
245800	-955449.23
246000	-955161.98
246200	-955561.29
246400	-955472.7
246600	-955674.6
246800	-955682.33
247000	-955256.75
247200	-955796.92
247400	-955542.26
247600	-955869.6
247800	-955721.16
248000	-955463.94
248200	-955542.03
248400	-955990.79
248600	-955797.96
248800	-956259.15
249000	-956069.44
249200	-955418.07
249400	-956263.1
249600	-955752.21
249800	-955936.72
250000	-956156.2
250200	-955773.76
250400	-955628.99
250600	-955978.13
250800	-955620.2
251000	-955681.81
251200	-955858.65
251400	-955577.74
251600	-955919.25
251800	-955808.2
252000	-955435.53
252200	-955948.04
252400	-955234.57
252600	-955790.94
252800	-955615.55
253000	-955715.07
253200	-955677.05
253400	-955414.17
253600	-955987.37
253800	-955563.6
254000	-955729.71
254200	-955468.21
254400	-955966.04
254600	-956206.49
254800	-955613.42
255000	-955898.3
255200	-955694.02
255400	-955665.04
255600	-955525.56
255800	-955885.44
256000	-956341.33
256200	-956140.79
256400	-955714.87
256600	-956215.14
256800	-956030.47
257000	-956516.51
257200	-956230.84
257400	-955668.9
257600	-956034.89
257800	-956217.61
258000	-955729.28
258200	-956770.03
258400	-955761.98
258600	-955993.63
258800	-955954.7
259000	-956002.64
259200	-956809.27
259400	-956322.02
259600	-956202.91
259800	-956245.72
260000	-956000.92
260200	-956296.65
260400	-956316.22
260600	-956249.78
260800	-956267.79
261000	-956151.43
261200	-955677.83
261400	-956145.76
261600	-956253.79
261800	-956381.73
262000	-955961.19
262200	-956060.39
262400	-956331.05
262600	-956113.82
262800	-956348.38
263000	-955871.89
263200	-956085.4
263400	-956340.32
263600	-955879.55
263800	-956483.7
264000	-956466.18
264200	-956199.64
264400	-956444.66
264600	-956520.9
264800	-956033.72
265000	-956370.11
265200	-956074.03
265400	-956773.44
265600	-956005.27
265800	-955794.23
266000	-956624.39
266200	-956331.21
266400	-956339.91
266600	-956407.2
266800	-956533.83
267000	-956683.19
267200	-956546.91
267400	-956226.4
267600	-956411.71
267800	-956375.81
268000	-956115.92
268200	-956379.19
268400	-956361.21
268600	-955962.24
268800	-956796.71
269000	-956887.47
269200	-956600.15
269400	-956241.5
269600	-956997.17
269800	-956861.89
270000	-956514.46
270200	-956536.45
270400	-956629.71
270600	-956076.29
270800	-956971.6
271000	-956819.06
271200	-956603.39
271400	-956579.93
271600	-956696.96
271800	-956228.76
272000	-956332.61
272200	-956519.1
272400	-956826.02
272600	-956633.64
272800	-956621.27
273000	-956862.24
273200	-956733.68
273400	-956490.48
273600	-956155.36
273800	-956543.25
274000	-956780.11
274200	-956953.67
274400	-956892.88
274600	-956664.38
274800	-956963.79
275000	-957036.78
275200	-956323.92
275400	-956451.25
275600	-957078.31
275800	-956354.41
276000	-957158.92
276200	-956775.89
276400	-956796.32
276600	-956548.54
276800	-956728.7
277000	-956902.59
277200	-957093.06
277400	-957147.52
277600	-956561.96
277800	-956920.71
278000	-957266.67
278200	-956647.92
278400	-956825.79
278600	-957060.86
278800	-957358.44
279000	-957110.4
279200	-957055.99
279400	-956852.9
279600	-956737.64
279800	-957157.35
280000	-957245.98
280200	-956987.66
280400	-957305.13
280600	-957799.83
280800	-956781.1
281000	-957181.51
281200	-957068.98
281400	-956966.15
281600	-957189.23
281800	-956828.2
282000	-957186.3
282200	-956603.44
282400	-956613.72
282600	-957001.03
282800	-957462.64
283000	-956795.73
283200	-957523.58
283400	-956913.74
283600	-957205.85
283800	-957297.95
284000	-956876.33
284200	-957130.87
284400	-957587.83
284600	-957211.45
284800	-957591.57
285000	-957360.57
285200	-957138.42
285400	-956983.15
285600	-957439.68
285800	-957077.55
286000	-956526.19
286200	-957370.33
286400	-956970.65
286600	-957485.64
286800	-957541.36
287000	-957655.7
287200	-957309.5
287400	-956818.53
287600	-957486.5
287800	-957579.82
288000	-957225.17
288200	-957048.93
288400	-957387.57
288600	-956957.78
288800	-957069.12
289000	-957664.01
289200	-957602.73
289400	-957087.07
289600	-957206.4
289800	-958206.94
290000	-957530.13
290200	-957265.24
290400	-957464.59
290600	-957714.11
290800	-957356.65
291000	-957451.5
291200	-957785.99
291400	-957296.74
291600	-957840.8
291800	-957229.65
292000	-957248.51
292200	-957869.99
292400	-957411.0
292600	-957508.69
292800	-957372.2
293000	-957213.55
293200	-957486.55
293400	-957506.74
293600	-957831.88
293800	-957709.01
294000	-957559.84
294200	-957850.54
294400	-957671.49
294600	-957559.65
294800	-957618.52
295000	-957452.47
295200	-957915.04
295400	-957782.81
295600	-957688.48
295800	-957600.99
296000	-957422.84
296200	-957840.56
296400	-958075.46
296600	-958009.81
296800	-957698.65
297000	-957582.52
297200	-957295.05
297400	-957914.57
297600	-957210.75
297800	-957762.91
298000	-957956.77
298200	-957696.12
298400	-957463.07
298600	-957720.81
298800	-957834.59
299000	-958122.8
299200	-958021.63
299400	-957851.52
299600	-957559.51
299800	-958113.53
300000	-957589.79
300200	-957574.35
300400	-957850.41
300600	-957590.43
300800	-957729.39
301000	-957908.13
301200	-957792.27
301400	-957951.45
301600	-958184.82
301800	-957674.21
302000	-957972.85
302200	-958252.22
302400	-957925.32
302600	-957986.06
302800	-958296.13
303000	-957984.65
303200	-957678.76
303400	-958319.88
303600	-957805.15
303800	-957653.05
304000	-957882.98
304200	-957820.47
304400	-957991.24
304600	-958184.8
304800	-957819.85
305000	-958294.91
305200	-958376.72
305400	-958025.29
305600	-958077.99
305800	-957987.92
306000	-958203.84
306200	-957722.71
306400	-958402.65
306600	-958131.32
306800	-957955.4
307000	-958004.68
307200	-958113.0
307400	-958142.4
307600	-957996.96
307800	-958100.67
308000	-958085.52
308200	-958110.98
308400	-958298.22
308600	-958167.39
308800	-957830.32
309000	-958593.4
309200	-958607.27
309400	-958454.06
309600	-958142.58
309800	-957820.23
310000	-958427.8
310200	-958731.08
310400	-958452.79
310600	-958377.34
310800	-958590.96
311000	-958419.34
311200	-958690.54
311400	-958648.65
311600	-958300.78
311800	-958721.53
312000	-958875.92
312200	-958345.41
312400	-958464.72
312600	-958530.12
312800	-958471.93
313000	-958661.9
313200	-958174.72
313400	-958301.06
313600	-958900.95
313800	-958418.79
314000	-958544.76
314200	-958773.09
314400	-958649.07
314600	-958581.21
314800	-958492.19
315000	-958403.95
315200	-958708.41
315400	-958440.95
315600	-958839.34
315800	-958639.72
316000	-958424.61
316200	-958441.0
316400	-958447.39
316600	-958199.87
316800	-958748.66
317000	-959357.41
317200	-958567.84
317400	-958424.83
317600	-958820.44
317800	-958545.02
318000	-958404.22
318200	-958550.36
318400	-958500.85
318600	-958694.37
318800	-958735.32
319000	-958571.01
319200	-959097.13
319400	-959115.75
319600	-958895.91
319800	-959026.99
320000	-958897.85
320200	-958520.85
320400	-958706.08
320600	-958842.15
320800	-958888.11
321000	-959400.66
321200	-959018.06
321400	-958612.26
321600	-959199.97
321800	-958815.5
322000	-958628.23
322200	-959078.94
322400	-958477.03
322600	-958841.93
322800	-959362.49
323000	-958504.32
323200	-958845.42
323400	-958888.64
323600	-958606.74
323800	-958760.76
324000	-958765.69
324200	-958952.59
324400	-958956.35
324600	-958954.59
324800	-958961.89
325000	-959482.82
325200	-959280.96
325400	-959045.34
325600	-959152.21
325800	-958860.59
326000	-959214.62
326200	-959659.0
326400	-958973.98
326600	-959216.99
326800	-959404.4
327000	-959000.38
327200	-959134.48
327400	-959096.88
327600	-959482.66
327800	-958934.77
328000	-959127.91
328200	-959156.2
328400	-959505.16
328600	-959682.51
328800	-958997.93
329000	-959428.51
329200	-959348.66
329400	-958902.54
329600	-959551.03
329800	-959053.0
330000	-959179.47
330200	-959309.2
330400	-959212.56
330600	-959290.84
330800	-959576.94
331000	-959587.99
331200	-959840.65
331400	-959310.39
331600	-959573.21
331800	-959198.02
332000	-959045.24
332200	-959424.55
332400	-959598.2
332600	-959419.23
332800	-959460.84
333000	-959872.42
333200	-959390.81
333400	-959844.88
333600	-959116.57
333800	-959256.66
334000	-959674.5
334200	-959584.19
334400	-959096.52
334600	-959680.14
334800	-959839.27
335000	-959672.0
335200	-959067.72
335400	-959341.86
335600	-959466.89
335800	-959608.05
336000	-959531.79
336200	-959322.54
336400	-959522.04
336600	-959444.56
336800	-959677.94
337000	-959941.14
337200	-959438.46
337400	-959700.23
337600	-959873.37
337800	-959431.73
338000	-959852.71
338200	-959493.19
338400	-959471.19
338600	-959602.48
338800	-959403.64
339000	-959834.21
339200	-959717.48
339400	-959282.29
339600	-959814.56
339800	-959511.32
340000	-959221.78
340200	-959430.94
340400	-959784.12
340600	-959621.6
340800	-959519.58
341000	-959982.03
341200	-959920.33
341400	-959436.68
341600	-959916.62
341800	-959799.89
342000	-959458.52
342200	-959989.06
342400	-959913.78
342600	-959089.82
342800	-959801.31
343000	-960099.1
343200	-959673.18
343400	-959821.09
343600	-959753.13
343800	-960277.76
344000	-960345.16
344200	-960071.85
344400	-959638.23
344600	-959702.84
344800	-960036.74
345000	-959947.67
345200	-959952.24
345400	-960134.24
345600	-959847.51
345800	-960269.44
346000	-960383.7
346200	-960104.0
346400	-960112.26
346600	-960358.37
346800	-959660.9
347000	-960332.23
347200	-959982.59
347400	-959979.09
347600	-960210.38
347800	-959838.99
348000	-959998.62
348200	-959883.63
348400	-959857.78
348600	-960261.36
348800	-959937.63
349000	-960209.53
349200	-960290.36
349400	-959890.27
349600	-960356.47
349800	-960159.73
350000	-960003.46
350200	-959919.79
350400	-959817.08
350600	-960441.26
350800	-960671.9
351000	-960077.95
351200	-960592.55
351400	-960646.24
351600	-960447.71
351800	-960479.92
352000	-960195.2
352200	-960581.28
352400	-960558.68
352600	-960156.71
352800	-960731.38
353000	-960345.69
353200	-960354.46
353400	-960182.83
353600	-960700.28
353800	-960201.32
354000	-960531.85
354200	-960315.17
354400	-960654.74
354600	-960771.73
354800	-960282.93
355000	-960356.91
355200	-960252.89
355400	-960357.66
355600	-960472.11
355800	-960327.75
356000	-960112.37
356200	-960430.74
356400	-960513.96
356600	-960425.76
356800	-960566.14
357000	-960226.39
357200	-960431.4
357400	-960488.59
357600	-960289.77
357800	-960641.05
358000	-960872.01
358200	-960725.6
358400	-960323.96
358600	-960980.03
358800	-960662.98
359000	-960644.45
359200	-960451.81
359400	-960307.66
359600	-961081.91
359800	-960758.63
360000	-960813.66
360200	-960801.35
360400	-961109.39
360600	-960933.97
360800	-960602.16
361000	-960460.05
361200	-960858.25
361400	-961081.77
361600	-960127.18
361800	-960285.98
362000	-960618.24
362200	-960693.63
362400	-960840.43
362600	-960931.49
362800	-960876.06
363000	-960989.78
363200	-961042.42
363400	-961001.47
363600	-960814.93
363800	-960482.05
364000	-960882.4
364200	-960809.91
364400	-960615.43
364600	-961228.76
364800	-961273.96
365000	-960404.76
365200	-960929.16
365400	-961054.07
365600	-961050.7
365800	-960701.75
366000	-960768.08
366200	-960913.87
366400	-961240.58
366600	-961073.59
366800	-960763.71
367000	-960839.46
367200	-960834.99
367400	-961057.6
367600	-961084.11
367800	-960683.79
368000	-960898.1
368200	-961042.12
368400	-960841.06
368600	-960613.77
368800	-961015.65
369000	-960427.0
369200	-960792.91
369400	-961055.53
369600	-961010.74
369800	-961191.87
370000	-960834.5
370200	-961044.49
370400	-960662.81
370600	-961136.18
370800	-961443.47
371000	-961194.98
371200	-960931.32
371400	-961055.91
371600	-961304.89
371800	-961183.56
372000	-960811.85
372200	-961068.01
372400	-961297.52
372600	-960828.37
372800	-961106.3
373000	-961277.34
373200	-960688.72
373400	-961272.16
373600	-961212.04
373800	-961398.54
374000	-961478.14
374200	-960943.98
374400	-961307.11
374600	-961246.77
374800	-961185.25
375000	-961575.19
375200	-961449.81
375400	-960998.51
375600	-961259.0
375800	-961149.04
376000	-961206.4
376200	-961234.5
376400	-961531.81
376600	-961289.74
376800	-961742.44
377000	-961484.12
377200	-961318.38
377400	-961387.22
377600	-961563.63
377800	-961820.5
378000	-961532.59
378200	-961372.98
378400	-961964.72
378600	-961112.77
378800	-961549.1
379000	-961338.95
379200	-961330.98
379400	-961543.79
379600	-961321.68
379800	-961466.34
380000	-961306.23
380200	-961274.9
380400	-961027.31
380600	-961794.5
380800	-961924.25
381000	-961596.32
381200	-961745.5
381400	-961577.84
381600	-961597.32
381800	-961801.16
382000	-962039.49
382200	-961705.92
382400	-961514.31
382600	-961666.92
382800	-961005.85
383000	-961655.26
383200	-961524.81
383400	-962237.38
383600	-961838.81
383800	-961803.71
384000	-961867.08
384200	-962113.57
384400	-961787.5
384600	-961668.49
384800	-962055.98
385000	-961545.32
385200	-961989.84
385400	-961842.02
385600	-961796.63
385800	-962095.49
386000	-962429.16
386200	-961818.93
386400	-961740.84
386600	-961920.56
386800	-962078.42
387000	-961770.36
387200	-961615.98
387400	-961795.41
387600	-961813.21
387800	-961685.04
388000	-962037.94
388200	-961390.17
388400	-961646.29
388600	-961840.31
388800	-961817.89
389000	-962236.89
389200	-961942.72
389400	-962061.36
389600	-962419.05
389800	-962222.71
390000	-961835.07
390200	-961776.28
390400	-962109.79
390600	-962130.19
390800	-962174.08
391000	-962067.43
391200	-962225.19
391400	-961830.52
391600	-961492.53
391800	-962255.59
392000	-962476.19
392200	-961752.4
392400	-962093.96
392600	-962039.17
392800	-962009.95
393000	-962563.28
393200	-962130.59
393400	-961867.82
393600	-962374.62
393800	-962560.83
394000	-962258.08
394200	-962135.22
394400	-962194.99
394600	-961941.62
394800	-962271.19
395000	-962147.83
395200	-962374.18
395400	-962023.92
395600	-962237.45
395800	-962408.43
396000	-962034.3
396200	-962587.04
396400	-962113.93
396600	-962325.94
396800	-962463.31
397000	-962238.03
397200	-962482.35
397400	-962197.75
397600	-961781.11
397800	-962570.27
398000	-962698.28
398200	-962773.78
398400	-962679.9
398600	-962479.75
398800	-962347.68
399000	-962475.37
399200	-962063.38
399400	-962210.29
399600	-962745.09
399800	-962881.56
400000	-962411.56
400200	-962420.66
400400	-962538.25
400600	-962413.81
400800	-962176.65
401000	-962397.77
401200	-962495.9
401400	-962614.73
401600	-962696.75
401800	-962746.85
402000	-962571.44
402200	-962429.67
402400	-962548.34
402600	-962820.79
402800	-962714.75
403000	-962563.5
403200	-962864.37
403400	-962533.78
403600	-963010.47
403800	-962449.86
404000	-962635.69
404200	-962829.81
404400	-962573.99
404600	-962527.23
404800	-962984.64
405000	-962789.39
405200	-962664.33
405400	-962952.9
405600	-963243.08
405800	-962783.83
406000	-963142.74
406200	-963029.21
406400	-962672.71
406600	-963183.13
406800	-962961.45
407000	-962701.79
407200	-962320.99
407400	-962587.04
407600	-962639.19
407800	-962423.66
408000	-962497.78
408200	-963144.08
408400	-963014.52
408600	-962748.9
408800	-963214.21
409000	-963299.24
409200	-962723.64
409400	-962720.65
409600	-963156.28
409800	-963035.66
410000	-962893.83
410200	-963184.95
410400	-962847.14
410600	-962581.78
410800	-963400.57
411000	-963046.33
411200	-962959.28
411400	-963421.61
411600	-963166.94
411800	-963188.64
412000	-962989.6
412200	-962832.92
412400	-963597.19
412600	-963229.02
412800	-963469.5
413000	-963296.1
413200	-963281.84
413400	-963241.3
413600	-963057.02
413800	-962823.97
414000	-962710.45
414200	-963244.92
414400	-963165.24
414600	-963574.68
414800	-963116.35
415000	-962947.94
415200	-963418.5
415400	-963138.96
415600	-962988.01
415800	-963640.95
416000	-963103.97
416200	-962995.23
416400	-962841.57
416600	-963362.46
416800	-963226.13
417000	-963172.46
417200	-963513.55
417400	-963173.55
417600	-963428.19
417800	-963165.93
418000	-963086.79
418200	-963120.61
418400	-963496.1
418600	-962999.94
418800	-963291.36
419000	-963637.86
419200	-963463.28
419400	-963462.92
419600	-963677.8
419800	-963292.32
420000	-963747.55
420200	-963747.57
420400	-963721.8
420600	-963783.66
420800	-963306.44
421000	-963094.62
421200	-963514.46
421400	-963780.61
421600	-963553.82
421800	-963257.26
422000	-963456.1
422200	-963566.43
422400	-963483.62
422600	-963527.76
422800	-963033.31
423000	-963348.79
423200	-963122.08
423400	-962900.09
423600	-963464.26
423800	-963791.77
424000	-963338.05
424200	-963299.4
424400	-963567.47
424600	-962817.81
424800	-963521.61
425000	-963657.59
425200	-963584.42
425400	-963313.88
425600	-964062.95
425800	-963762.02
426000	-963450.15
426200	-963699.53
426400	-963616.17
426600	-963478.08
426800	-963733.17
427000	-963825.1
427200	-963385.12
427400	-964116.77
427600	-963851.87
427800	-963230.18
428000	-963718.18
428200	-963971.34
428400	-963896.33
428600	-963387.91
428800	-964081.05
429000	-963784.86
429200	-963715.94
429400	-963436.17
429600	-964057.19
429800	-963861.05
430000	-963718.55
430200	-963611.39
430400	-963533.14
430600	-963929.37
430800	-963909.73
431000	-963876.36
431200	-964108.79
431400	-963625.19
431600	-963362.93
431800	-963863.28
432000	-964051.55
432200	-964036.5
432400	-964091.59
432600	-963915.02
432800	-964119.29
433000	-963626.86
433200	-964176.21
433400	-964260.04
433600	-963936.72
433800	-964455.43
434000	-964412.39
434200	-963893.38
434400	-964003.32
434600	-964618.8
434800	-964112.48
435000	-964128.84
435200	-964607.42
435400	-964225.79
435600	-964203.99
435800	-964139.61
436000	-964242.71
436200	-964472.79
436400	-964219.36
436600	-964376.35
436800	-964447.33
437000	-964313.22
437200	-964298.54
437400	-964347.9
437600	-964198.47
437800	-964301.22
438000	-964257.4
438200	-964397.26
438400	-964207.31
438600	-964361.14
438800	-963988.31
439000	-964132.14
439200	-964254.3
439400	-963973.65
439600	-964269.96
439800	-964609.34
440000	-964222.33
440200	-964560.56
440400	-964600.26
440600	-963974.39
440800	-964430.53
441000	-965026.64
441200	-964594.52
441400	-964290.1
441600	-964336.66
441800	-964694.73
442000	-964351.09
442200	-964698.75
442400	-964396.78
442600	-964487.56
442800	-964783.94
443000	-964732.91
443200	-964461.38
443400	-964978.09
443600	-964478.78
443800	-964400.58
444000	-965145.48
444200	-964839.17
444400	-964357.22
444600	-964053.78
444800	-964743.54
445000	-964949.66
445200	-964776.73
445400	-964734.59
445600	-964596.81
445800	-964633.36
446000	-964345.2
446200	-964317.39
446400	-964504.37
446600	-965064.52
446800	-964744.69
447000	-964583.4
447200	-964758.87
447400	-964987.44
447600	-964608.76
447800	-964850.65
448000	-964845.77
448200	-964526.88
448400	-965058.58
448600	-964848.52
448800	-964833.93
449000	-965441.56
449200	-964784.13
449400	-964739.44
449600	-965400.18
449800	-964876.28
450000	-964619.7
450200	-965016.16
450400	-965461.89
450600	-965003.96
450800	-964896.68
451000	-964743.37
451200	-964652.38
451400	-965127.93
451600	-965154.69
451800	-965400.17
452000	-964953.9
452200	-964652.12
452400	-964939.1
452600	-965343.34
452800	-965233.78
453000	-965060.6
453200	-965193.38
453400	-965154.73
453600	-965137.19
453800	-964993.81
454000	-965121.87
454200	-965291.52
454400	-965071.2
454600	-965434.69
454800	-965044.02
455000	-965090.96
455200	-965414.89
455400	-964786.94
455600	-965155.67
455800	-965330.39
456000	-965166.87
456200	-965040.31
456400	-965097.96
456600	-965023.23
456800	-965230.8
457000	-965572.29
457200	-965496.57
457400	-965585.82
457600	-965404.96
457800	-965398.05
458000	-965321.54
458200	-964950.49
458400	-964970.17
458600	-965340.09
458800	-965395.44
459000	-965112.23
459200	-965192.79
459400	-965255.91
459600	-965355.98
459800	-965633.82
460000	-965428.66
460200	-964944.88
460400	-965047.19
460600	-965112.06
460800	-965288.96
461000	-965556.67
461200	-965396.15
461400	-965318.12
461600	-965702.96
461800	-965529.77
462000	-965128.61
462200	-965745.6
462400	-965285.16
462600	-965210.15
462800	-965654.17
463000	-965709.9
463200	-965734.93
463400	-965406.97
463600	-965461.19
463800	-965218.61
464000	-965080.12
464200	-965573.01
464400	-965413.52
464600	-965464.61
464800	-965655.53
465000	-965435.42
465200	-965339.36
465400	-965747.34
465600	-965864.09
465800	-965647.95
466000	-965480.23
466200	-965636.8
466400	-965445.76
466600	-965749.78
466800	-965897.78
467000	-965344.59
467200	-965902.03
467400	-966107.86
467600	-966216.47
467800	-965484.93
468000	-965708.45
468200	-965367.22
468400	-965922.38
468600	-965925.52
468800	-965615.83
469000	-966017.31
469200	-965551.81
469400	-965923.4
469600	-965667.31
469800	-965701.95
470000	-965917.64
470200	-966021.17
470400	-965461.78
470600	-966026.33
470800	-966225.39
471000	-965499.54
471200	-965509.99
471400	-966163.18
471600	-966269.6
471800	-965779.14
472000	-966110.04
472200	-966252.41
472400	-966169.55
472600	-965816.6
472800	-966010.02
473000	-966470.26
473200	-965621.27
473400	-966145.68
473600	-966409.77
473800	-966144.66
474000	-966291.91
474200	-966291.69
474400	-965898.86
474600	-965877.18
474800	-965867.37
475000	-966068.89
475200	-966159.81
475400	-966331.61
475600	-966069.83
475800	-966140.28
476000	-966073.98
476200	-966043.85
476400	-966212.22
476600	-965973.45
476800	-966132.76
477000	-966041.15
477200	-965943.06
477400	-966071.46
477600	-966367.48
477800	-966249.57
478000	-966035.23
478200	-965953.8
478400	-966610.61
478600	-966267.3
478800	-966051.26
479000	-966391.15
479200	-966313.94
479400	-965874.5
479600	-966393.58
479800	-966461.73
480000	-966514.4
480200	-966271.94
480400	-966440.35
480600	-966348.56
480800	-966329.97
481000	-966164.55
481200	-966395.39
481400	-966292.98
481600	-966157.67
481800	-966030.55
482000	-966343.42
482200	-966516.21
482400	-966268.03
482600	-966517.86
482800	-966364.04
483000	-966214.28
483200	-966405.89
483400	-966269.81
483600	-966310.37
483800	-966331.08
484000	-966469.49
484200	-966556.58
484400	-966933.94
484600	-966585.3
484800	-966628.61
485000	-966747.56
485200	-966147.85
485400	-966145.08
485600	-966819.53
485800	-966447.51
486000	-967009.55
486200	-966612.81
486400	-966482.85
486600	-966707.79
486800	-966697.84
487000	-966780.9
487200	-966991.91
487400	-966503.66
487600	-966562.54
487800	-966741.03
488000	-966514.72
488200	-966690.42
488400	-967170.68
488600	-966618.2
488800	-966878.05
489000	-967026.82
489200	-966487.12
489400	-966741.49
489600	-966442.48
489800	-966432.89
490000	-967035.79
490200	-967149.97
490400	-966556.31
490600	-967080.29
490800	-967129.75
491000	-966871.53
491200	-966667.67
491400	-967238.73
491600	-966966.16
491800	-967117.45
492000	-967055.36
492200	-966774.52
492400	-966761.97
492600	-966952.9
492800	-966905.53
493000	-966803.9
493200	-967090.16
493400	-966981.24
493600	-966822.5
493800	-967074.31
494000	-967200.85
494200	-966806.07
494400	-967152.69
494600	-966837.82
494800	-967073.15
495000	-967421.08
495200	-967028.02
495400	-966915.87
495600	-966959.01
495800	-967004.48
496000	-967162.82
496200	-966787.21
496400	-966676.08
496600	-967005.58
496800	-967031.81
497000	-967376.3
497200	-966905.51
497400	-967235.53
497600	-967194.16
497800	-966655.33
498000	-967337.84
498200	-967259.62
498400	-967345.76
498600	-966906.26
498800	-967161.76
499000	-967403.11
499200	-967048.62
499400	-967416.25
499600	-967307.34
499800	-967377.61
500000	-967575.43
500200	-966913.16
500400	-967231.55
500600	-967422.67
500800	-967458.22
501000	-967201.17
501200	-967240.18
501400	-967318.89
501600	-967279.03
501800	-967423.27
502000	-967532.55
502200	-967151.77
502400	-967569.24
502600	-967246.26
502800	-967382.73
503000	-967341.1
503200	-967262.81
503400	-967208.28
503600	-967640.09
503800	-967618.92
504000	-967865.58
504200	-967596.73
504400	-967480.39
504600	-967363.54
504800	-967676.29
505000	-967782.73
505200	-967504.01
505400	-967749.29
505600	-967462.82
505800	-967416.76
506000	-967990.59
506200	-967560.6
506400	-967569.55
506600	-967686.23
506800	-967699.89
507000	-967362.32
507200	-967886.91
507400	-968155.25
507600	-967606.62
507800	-967706.45
508000	-968088.74
508200	-967903.23
508400	-967709.29
508600	-967757.71
508800	-967876.43
509000	-967468.37
509200	-967401.25
509400	-967974.23
509600	-967598.82
509800	-967901.31
510000	-968232.8
510200	-967660.65
510400	-968024.95
510600	-967765.25
510800	-967838.8
511000	-968206.81
511200	-967836.31
511400	-968218.18
511600	-968088.86
511800	-968227.7
512000	-968042.55
512200	-967904.81
512400	-967892.52
512600	-968012.31
512800	-967898.36
513000	-967787.07
513200	-967766.26
513400	-967957.77
513600	-967874.84
513800	-968109.64
514000	-968203.06
514200	-967988.51
514400	-967820.38
514600	-968098.32
514800	-968325.57
515000	-967847.87
515200	-968108.95
515400	-968347.94
515600	-968238.39
515800	-968488.29
516000	-968209.39
516200	-967851.92
516400	-967994.54
516600	-968165.15
516800	-968248.37
517000	-968293.79
517200	-968102.16
517400	-968425.3
517600	-968581.71
517800	-968277.78
518000	-968362.53
518200	-968325.01
518400	-968156.35
518600	-968572.78
518800	-968480.74
519000	-968075.88
519200	-967599.69
519400	-968263.45
519600	-968381.58
519800	-967961.49
520000	-968414.49
520200	-968951.34
520400	-968257.81
520600	-968196.83
520800	-968420.4
521000	-968269.31
521200	-968746.17
521400	-968638.95
521600	-968337.16
521800	-968444.68
522000	-968707.0
522200	-968569.6
522400	-968396.86
522600	-968626.53
522800	-968540.52
523000	-968614.71
523200	-968482.92
523400	-968579.1
523600	-968867.43
523800	-968739.81
524000	-968532.02
524200	-968443.5
524400	-968850.17
524600	-968832.67
524800	-968657.77
525000	-968663.04
525200	-968441.45
525400	-968654.87
525600	-968724.85
525800	-968385.55
526000	-968927.82
526200	-968847.11
526400	-968836.84
526600	-968764.66
526800	-968874.22
527000	-969085.19
527200	-968652.88
527400	-968928.96
527600	-968917.45
527800	-968591.25
528000	-968754.3
528200	-968812.39
528400	-968834.95
528600	-969375.25
528800	-969102.06
529000	-968466.4
529200	-968921.67
529400	-969275.79
529600	-969051.14
529800	-968891.48
530000	-969197.72
530200	-969032.95
530400	-968778.07
530600	-968783.58
530800	-969047.85
531000	-968684.27
531200	-968517.31
531400	-969043.33
531600	-968618.69
531800	-968666.63
532000	-969099.2
532200	-968886.21
532400	-968864.28
532600	-969181.1
532800	-969036.26
533000	-969042.91
533200	-969005.93
533400	-968779.42
533600	-968781.07
533800	-969051.41
534000	-968824.99
534200	-969298.84
534400	-969307.34
534600	-969170.21
534800	-969627.21
535000	-969400.83
535200	-969336.28
535400	-968836.5
535600	-969010.83
535800	-969518.5
536000	-969119.09
536200	-968609.67
536400	-969190.17
536600	-969457.3
536800	-969469.14
537000	-969260.61
537200	-969544.55
537400	-969012.75
537600	-969496.17
537800	-969496.26
538000	-969384.25
538200	-969236.41
538400	-969551.0
538600	-969271.85
538800	-969253.62
539000	-969472.44
539200	-969620.07
539400	-969171.04
539600	-969293.55
539800	-969444.1
540000	-969212.31
540200	-969517.96
540400	-969476.34
540600	-969273.63
540800	-969653.98
541000	-969630.32
541200	-969540.22
541400	-969465.54
541600	-969699.22
541800	-969461.8
542000	-969179.83
542200	-969116.39
542400	-969448.99
542600	-969513.47
542800	-969901.58
543000	-969654.33
543200	-969643.54
543400	-970046.68
543600	-969791.96
543800	-969547.02
544000	-969547.2
544200	-969790.14
544400	-969449.39
544600	-969691.35
544800	-969404.69
545000	-969439.29
545200	-969728.04
545400	-969753.97
545600	-969958.02
545800	-970320.19
546000	-969803.8
546200	-969790.08
546400	-970214.94
546600	-969859.79
546800	-969671.74
547000	-969590.99
547200	-969839.96
547400	-970166.95
547600	-969809.09
547800	-969848.27
548000	-970092.91
548200	-969719.11
548400	-969947.46
548600	-970038.88
548800	-969593.49
549000	-969665.72
549200	-969789.26
549400	-969263.81
549600	-969876.74
549800	-969969.51
550000	-969773.66
550200	-970019.52
550400	-969861.39
550600	-970008.7
550800	-969868.24
551000	-970220.85
551200	-970493.73
551400	-969834.4
551600	-970168.85
551800	-970239.17
552000	-970011.14
552200	-970238.81
552400	-970451.97
552600	-970202.02
552800	-970424.12
553000	-970226.95
553200	-970327.94
553400	-970294.03
553600	-970061.67
553800	-970183.45
554000	-970321.35
554200	-970005.21
554400	-970365.97
554600	-970548.32
554800	-970180.32
555000	-970001.78
555200	-970554.4
555400	-970681.55
555600	-970198.97
555800	-970358.37
556000	-970149.15
556200	-970132.0
556400	-970175.69
556600	-970222.82
556800	-970515.23
557000	-970552.02
557200	-970682.89
557400	-970627.97
557600	-969964.87
557800	-970534.17
558000	-970434.61
558200	-970258.6
558400	-970397.17
558600	-970463.74
558800	-970733.95
559000	-970684.31
559200	-970420.51
559400	-970261.29
559600	-970491.66
559800	-970672.44
560000	-970494.72
560200	-970290.53
560400	-970623.4
560600	-970617.02
560800	-970677.42
561000	-970696.46
561200	-970615.08
561400	-970804.7
561600	-970809.14
561800	-970797.6
562000	-970705.26
562200	-970613.84
562400	-970914.8
562600	-970603.18
562800	-970416.23
563000	-970628.52
563200	-970831.88
563400	-970581.43
563600	-970456.55
563800	-970700.79
564000	-970949.5
564200	-970975.47
564400	-970828.92
564600	-971144.36
564800	-970932.94
565000	-970517.27
565200	-970598.19
565400	-970861.19
565600	-970887.24
565800	-971214.43
566000	-970623.53
566200	-970481.38
566400	-970954.28
566600	-970700.59
566800	-971130.11
567000	-971167.13
567200	-970715.28
567400	-971120.64
567600	-970605.17
567800	-970948.2
568000	-971004.04
568200	-970672.84
568400	-971287.3
568600	-970978.87
568800	-970939.86
569000	-971191.69
569200	-970921.95
569400	-970826.93
569600	-971057.36
569800	-971201.84
570000	-970946.84
570200	-970996.07
570400	-970918.62
570600	-971247.12
570800	-971146.25
571000	-970674.9
571200	-971097.5
571400	-971071.29
571600	-971158.4
571800	-970978.48
572000	-971228.55
572200	-971498.88
572400	-970977.13
572600	-971132.41
572800	-971446.24
573000	-970914.22
573200	-971361.82
573400	-971369.26
573600	-971065.07
573800	-971031.7
574000	-971280.9
574200	-971444.07
574400	-970840.7
574600	-970923.1
574800	-970974.49
575000	-971202.17
575200	-971480.12
575400	-971359.71
575600	-971526.53
575800	-971432.82
576000	-971308.28
576200	-971558.74
576400	-971248.2
576600	-971521.23
576800	-971708.2
577000	-971068.85
577200	-971079.61
577400	-971101.92
577600	-971253.71
577800	-971366.74
578000	-971214.72
578200	-971620.15
578400	-971716.27
578600	-971520.46
578800	-971441.46
579000	-971448.52
579200	-971408.33
579400	-971410.56
579600	-971587.88
579800	-971599.84
580000	-971482.15
580200	-971700.34
580400	-972025.31
580600	-971419.87
580800	-971581.96
581000	-971346.57
581200	-971405.91
581400	-971826.5
581600	-972261.23
581800	-971998.45
582000	-971646.52
582200	-971747.11
582400	-972032.31
582600	-971762.57
582800	-971637.05
583000	-971734.06
583200	-971330.36
583400	-971467.19
583600	-971689.2
583800	-972065.67
584000	-972015.67
584200	-971656.5
584400	-972015.83
584600	-972137.95
584800	-972121.14
585000	-971789.35
585200	-972011.83
585400	-971917.5
585600	-972005.65
585800	-971870.45
586000	-971982.67
586200	-972045.66
586400	-972202.1
586600	-972252.48
586800	-972042.54
587000	-972160.73
587200	-972046.04
587400	-972101.97
587600	-972333.15
587800	-972090.09
588000	-971759.3
588200	-971886.23
588400	-972131.41
588600	-972320.37
588800	-972227.8
589000	-971840.98
589200	-972092.03
589400	-972152.54
589600	-972131.24
589800	-971713.27
590000	-972210.15
590200	-972370.31
590400	-971642.74
590600	-971826.92
590800	-972323.57
591000	-972577.04
591200	-972521.66
591400	-972119.55
591600	-972233.87
591800	-972128.68
592000	-972528.14
592200	-972496.63
592400	-972435.19
592600	-972622.78
592800	-972606.02
593000	-972308.69
593200	-972628.35
593400	-972598.36
593600	-972291.7
593800	-972433.55
594000	-972519.07
594200	-972436.06
594400	-972323.42
594600	-972313.56
594800	-972326.22
595000	-972466.6
595200	-971999.4
595400	-972080.53
595600	-972408.68
595800	-972164.92
596000	-972191.52
596200	-972378.26
596400	-972559.47
596600	-972693.41
596800	-972759.75
597000	-972439.76
597200	-972025.28
597400	-972670.57
597600	-972516.92
597800	-972621.49
598000	-972768.95
598200	-972668.06
598400	-972267.15
598600	-972881.45
598800	-972335.0
599000	-972505.43
599200	-972793.33
599400	-972624.76
599600	-972804.35
599800	-972987.19
600000	-972826.79
600200	-972324.33
600400	-972616.51
600600	-972780.99
600800	-972661.78
601000	-972562.88
601200	-972956.42
601400	-972993.69
601600	-972579.3
601800	-972750.65
602000	-972616.78
602200	-972397.72
602400	-972898.09
602600	-973139.9
602800	-973096.89
603000	-972597.72
603200	-972578.85
603400	-972759.41
603600	-972730.16
603800	-972449.65
604000	-972841.57
604200	-972899.57
604400	-973002.46
604600	-973234.15
604800	-972772.43
605000	-972827.44
605200	-973147.23
605400	-972826.24
605600	-973013.67
605800	-973254.66
606000	-972562.58
606200	-972784.14
606400	-973204.95
606600	-972891.96
606800	-973152.16
607000	-973190.05
607200	-972974.2
607400	-973320.26
607600	-973082.46
607800	-973282.59
608000	-973560.23
608200	-973215.43
608400	-973075.42
608600	-972954.0
608800	-973399.0
609000	-972871.95
609200	-973171.45
609400	-973123.64
609600	-973231.94
609800	-973426.3
610000	-973222.07
610200	-973685.2
610400	-973347.05
610600	-973290.37
610800	-973382.28
611000	-973143.08
611200	-973322.75
611400	-973672.2
611600	-973137.58
611800	-973376.54
612000	-973444.06
612200	-973356.8
612400	-973765.02
612600	-973270.01
612800	-973239.93
613000	-973057.48
613200	-972948.09
613400	-973245.76
613600	-973658.16
613800	-973685.62
614000	-973476.07
614200	-973790.41
614400	-973605.54
614600	-973354.69
614800	-973199.25
615000	-973782.47
615200	-973684.93
615400	-973727.4
615600	-973685.06
615800	-973347.95
616000	-973539.36
616200	-973283.85
616400	-973315.83
616600	-973838.33
616800	-973620.46
617000	-973343.08
617200	-973723.83
617400	-973734.23
617600	-973442.6
617800	-973514.04
618000	-973661.88
618200	-973844.96
618400	-974277.5
618600	-973742.84
618800	-973512.57
619000	-973989.31
619200	-974037.22
619400	-973747.66
619600	-973851.42
619800	-973414.59
620000	-973899.5
620200	-973769.45
620400	-973878.09
620600	-973641.59
620800	-973262.02
621000	-973837.4
621200	-973346.23
621400	-973908.53
621600	-973973.18
621800	-973817.27
622000	-973990.88
622200	-973810.76
622400	-974049.72
622600	-973779.93
622800	-974112.74
623000	-974114.38
623200	-973909.74
623400	-974295.49
623600	-973947.82
623800	-974104.0
624000	-974434.97
624200	-974305.18
624400	-974074.56
624600	-974331.16
624800	-974074.95
625000	-974236.63
625200	-974132.95
625400	-974366.06
625600	-973900.55
625800	-974027.99
626000	-974559.6
626200	-974419.26
626400	-974215.17
626600	-974427.18
626800	-974071.95
627000	-974395.24
627200	-974356.58
627400	-974152.02
627600	-974565.06
627800	-974364.77
628000	-974008.65
628200	-974154.79
628400	-974252.21
628600	-974308.44
628800	-974409.51
629000	-974257.42
629200	-974558.38
629400	-974518.94
629600	-974417.99
629800	-974070.86
630000	-974327.21
630200	-974336.54
630400	-974015.98
630600	-974557.9
630800	-974471.89
631000	-974153.01
631200	-973971.99
631400	-974573.38
631600	-974401.48
631800	-974201.9
632000	-974074.79
632200	-974394.95
632400	-974705.83
632600	-974366.77
632800	-974628.86
633000	-974866.54
633200	-974609.74
633400	-974661.75
633600	-974595.36
633800	-974579.84
634000	-974695.42
634200	-974548.88
634400	-974879.17
634600	-974850.0
634800	-974848.78
635000	-974769.89
635200	-974437.94
635400	-974814.9
635600	-974870.36
635800	-975072.11
636000	-974971.76
636200	-974758.61
636400	-974578.27
636600	-974963.03
636800	-974699.09
637000	-974834.69
637200	-974850.52
637400	-974707.77
637600	-974849.3
637800	-974946.72
638000	-974684.45
638200	-974515.01
638400	-974707.79
638600	-974479.57
638800	-974493.25
639000	-974784.1
639200	-975325.49
639400	-974700.44
639600	-974991.07
639800	-975355.85
640000	-975218.76
640200	-975143.7
640400	-975203.6
640600	-974906.8
640800	-975109.56
641000	-975093.77
641200	-974897.13
641400	-974696.13
641600	-975077.12
641800	-974985.11
642000	-975075.72
642200	-975422.41
642400	-975282.07
642600	-975536.68
642800	-975155.38
643000	-975382.93
643200	-975228.47
643400	-974877.98
643600	-975005.95
643800	-975116.32
644000	-975000.49
644200	-975214.47
644400	-975077.89
644600	-974742.57
644800	-975300.93
645000	-974971.82
645200	-974992.53
645400	-975127.88
645600	-975021.95
645800	-975175.45
646000	-975619.06
646200	-975221.61
646400	-975339.87
646600	-975205.38
646800	-975400.85
647000	-975650.45
647200	-975480.72
647400	-975357.34
647600	-975524.58
647800	-975686.62
648000	-975072.28
648200	-975050.36
648400	-975396.03
648600	-975492.93
648800	-975680.21
649000	-975563.87
649200	-975428.69
649400	-975833.63
649600	-975673.58
649800	-975319.91
650000	-975347.18
650200	-975502.48
650400	-975756.68
650600	-975639.18
650800	-975806.8
651000	-976111.28
651200	-975649.51
651400	-975526.63
651600	-975576.3
651800	-975600.21
652000	-975583.02
652200	-975557.83
652400	-975716.57
652600	-975588.09
652800	-975873.3
653000	-975517.56
653200	-975775.03
653400	-975794.94
653600	-975718.07
653800	-975670.8
654000	-976019.78
654200	-975572.56
654400	-975319.48
654600	-975631.44
654800	-975953.98
655000	-975807.88
655200	-975951.07
655400	-975819.81
655600	-975660.58
655800	-975773.42
656000	-975715.81
656200	-976007.72
656400	-975873.47
656600	-976036.71
656800	-975735.69
657000	-976087.65
657200	-975880.75
657400	-976123.29
657600	-976324.88
657800	-976116.18
658000	-975898.61
658200	-976217.07
658400	-975738.71
658600	-976017.83
658800	-976031.37
659000	-975838.73
659200	-976176.23
659400	-976314.61
659600	-975809.44
659800	-975947.27
660000	-976115.49
660200	-976077.29
660400	-975945.1
660600	-976212.38
660800	-976331.47
661000	-975830.86
661200	-976174.47
661400	-976385.69
661600	-976147.47
661800	-975866.78
662000	-976329.89
662200	-976437.06
662400	-976039.98
662600	-976332.91
662800	-976227.9
663000	-976054.06
663200	-976080.7
663400	-976631.05
663600	-976453.09
663800	-976268.46
664000	-976541.44
664200	-976823.48
664400	-976578.66
664600	-976336.37
664800	-976463.98
665000	-976532.34
665200	-976110.45
665400	-976412.02
665600	-976429.5
665800	-976070.05
666000	-976558.25
666200	-976312.39
666400	-976167.08
666600	-976468.36
666800	-976399.41
667000	-976384.25
667200	-976570.15
667400	-976493.73
667600	-976539.9
667800	-976675.35
668000	-976441.83
668200	-976803.74
668400	-976644.42
668600	-976781.05
668800	-976708.4
669000	-976731.73
669200	-977012.14
669400	-976727.34
669600	-976735.09
669800	-976982.04
670000	-977038.3
670200	-977072.38
670400	-976770.43
670600	-976517.72
670800	-976621.93
671000	-976996.59
671200	-976984.26
671400	-977150.79
671600	-976845.32
671800	-976707.58
672000	-977219.5
672200	-977152.72
672400	-976990.0
672600	-977047.61
672800	-976735.1
673000	-976890.73
673200	-976881.9
673400	-976760.62
673600	-977029.46
673800	-976845.57
674000	-976891.77
674200	-976906.43
674400	-977202.08
674600	-976848.64
674800	-976771.47
675000	-977040.08
675200	-977025.08
675400	-977365.88
675600	-977180.06
675800	-976949.0
676000	-977090.27
676200	-977060.29
676400	-977232.67
676600	-977145.34
676800	-977181.8
677000	-977160.66
677200	-977325.69
677400	-976849.85
677600	-976841.75
677800	-976970.26
678000	-977085.71
678200	-977207.65
678400	-977020.98
678600	-977075.38
678800	-977301.55
679000	-977248.23
679200	-977438.06
679400	-977337.41
679600	-977177.91
679800	-977156.15
680000	-977388.77
680200	-977189.52
680400	-977382.78
680600	-977710.43
680800	-977549.43
681000	-977214.1
681200	-977324.75
681400	-977190.86
681600	-977398.06
681800	-977267.29
682000	-977251.13
682200	-977015.67
682400	-977397.75
682600	-977333.97
682800	-977550.99
683000	-977588.68
683200	-977283.97
683400	-977678.13
683600	-977504.95
683800	-977801.61
684000	-977274.12
684200	-976873.7
684400	-977361.12
684600	-977732.13
684800	-977721.34
685000	-977695.38
685200	-978144.05
685400	-977669.99
685600	-977660.75
685800	-977510.84
686000	-977713.37
686200	-977933.69
686400	-978161.18
686600	-978161.03
686800	-977616.27
687000	-977434.28
687200	-977604.19
687400	-977894.62
687600	-977981.59
687800	-977400.49
688000	-977760.27
688200	-977903.62
688400	-978000.0
688600	-977980.48
688800	-977985.41
689000	-978355.47
689200	-977981.84
689400	-977972.63
689600	-978169.49
689800	-978067.72
690000	-977825.2
690200	-978167.0
690400	-978166.33
690600	-977963.56
690800	-978064.35
691000	-977916.12
691200	-977806.18
691400	-977898.26
691600	-978168.59
691800	-978099.7
692000	-977861.22
692200	-978281.89
692400	-978065.99
692600	-978270.4
692800	-978099.76
693000	-978095.46
693200	-978286.03
693400	-978411.97
693600	-978090.82
693800	-978281.89
694000	-978378.13
694200	-978242.51
694400	-978187.45
694600	-978304.4
694800	-977990.58
695000	-978102.34
695200	-978229.23
695400	-978148.84
695600	-978165.39
695800	-978333.49
696000	-978512.98
696200	-978348.71
696400	-978649.13
696600	-978463.7
696800	-978267.09
697000	-978068.75
697200	-978282.55
697400	-978471.01
697600	-978483.31
697800	-978321.87
698000	-978475.76
698200	-978221.81
698400	-978565.52
698600	-978742.86
698800	-978436.51
699000	-978628.52
699200	-978588.4
699400	-978350.34
699600	-978628.57
699800	-978294.59
700000	-978401.45
700200	-978811.09
700400	-978907.38
700600	-978763.57
700800	-978526.85
701000	-978486.22
701200	-978678.18
701400	-978469.22
701600	-978490.58
701800	-978803.78
702000	-978746.07
702200	-978620.45
702400	-978904.1
702600	-978859.54
702800	-978548.94
703000	-978995.5
703200	-978861.34
703400	-978607.01
703600	-978952.1
703800	-979405.47
704000	-978867.99
704200	-978677.31
704400	-978507.9
704600	-978744.3
704800	-978761.85
705000	-978818.02
705200	-978798.2
705400	-979008.21
705600	-978951.5
705800	-978746.08
706000	-978906.61
706200	-978693.01
706400	-978842.99
706600	-979155.92
706800	-978968.77
707000	-978752.83
707200	-978983.0
707400	-979149.68
707600	-979083.53
707800	-979040.51
708000	-979125.12
708200	-979038.86
708400	-978936.75
708600	-978980.54
708800	-979208.11
709000	-979646.57
709200	-979164.23
709400	-979011.74
709600	-979132.68
709800	-979341.11
710000	-978915.1
710200	-978751.19
710400	-978671.16
710600	-979180.79
710800	-979448.76
711000	-979183.14
711200	-979357.04
711400	-979389.34
711600	-978918.64
711800	-979240.08
712000	-979245.91
712200	-979150.64
712400	-979233.77
712600	-979396.58
712800	-979342.79
713000	-979589.01
713200	-979381.35
713400	-979076.21
713600	-979103.06
713800	-979338.31
714000	-979331.37
714200	-979281.19
714400	-979587.08
714600	-979598.92
714800	-979346.16
715000	-979537.33
715200	-979710.34
715400	-979774.89
715600	-979314.28
715800	-979351.35
716000	-979600.69
716200	-979192.45
716400	-979620.03
716600	-979451.43
716800	-979382.25
717000	-979674.17
717200	-979517.77
717400	-979587.47
717600	-979413.53
717800	-979424.62
718000	-979418.8
718200	-979821.55
718400	-980176.55
718600	-979824.9
718800	-979510.32
719000	-979727.12
719200	-979337.89
719400	-979571.39
719600	-979895.93
719800	-979750.58
720000	-980019.85
720200	-979640.99
720400	-979538.08
720600	-979714.25
720800	-979803.02
721000	-979792.53
721200	-979968.82
721400	-980145.57
721600	-980002.89
721800	-979876.58
722000	-979913.07
722200	-979903.21
722400	-979626.09
722600	-980110.7
722800	-980148.35
723000	-979727.96
723200	-979956.73
723400	-980036.15
723600	-979862.99
723800	-980109.74
724000	-980004.68
724200	-980146.4
724400	-980272.44
724600	-980539.94
724800	-980461.37
725000	-980010.65
725200	-980126.62
725400	-980363.57
725600	-980271.05
725800	-979918.25
726000	-980057.75
726200	-980123.32
726400	-980084.88
726600	-980071.93
726800	-980234.8
727000	-980118.16
727200	-980037.18
727400	-980244.12
727600	-980527.39
727800	-980210.65
728000	-980049.69
728200	-979869.97
728400	-980319.83
728600	-980104.63
728800	-980430.65
729000	-980372.94
729200	-980404.83
729400	-980471.15
729600	-980177.19
729800	-980499.23
730000	-980477.95
730200	-980292.02
730400	-980483.53
730600	-980446.34
730800	-980484.78
731000	-980240.38
731200	-980085.64
731400	-980403.6
731600	-980201.14
731800	-980433.72
732000	-980381.46
732200	-980117.85
732400	-980837.05
732600	-980626.63
732800	-980805.44
733000	-980886.24
733200	-980615.29
733400	-980726.08
733600	-980726.12
733800	-980660.99
734000	-980758.99
734200	-980823.32
734400	-980228.49
734600	-980710.1
734800	-980666.12
735000	-980379.6
735200	-980834.29
735400	-980689.3
735600	-980796.43
735800	-980745.9
736000	-980551.97
736200	-980659.75
736400	-980989.24
736600	-980735.26
736800	-981113.25
737000	-980995.96
737200	-980529.52
737400	-980880.69
737600	-980957.62
737800	-980877.67
738000	-980744.78
738200	-981047.16
738400	-980930.48
738600	-980831.09
738800	-981165.86
739000	-980861.62
739200	-981017.52
739400	-981021.54
739600	-980783.92
739800	-981111.55
740000	-980757.44
740200	-980814.54
740400	-981098.89
740600	-980944.75
740800	-980917.58
741000	-980973.8
741200	-981446.35
741400	-981282.91
741600	-980896.56
741800	-981328.95
742000	-981283.28
742200	-981225.58
742400	-981095.85
742600	-981034.39
742800	-981136.43
743000	-981386.29
743200	-981362.95
743400	-981278.76
743600	-981323.24
743800	-981429.13
744000	-981308.93
744200	-981281.28
744400	-981042.56
744600	-981131.91
744800	-981377.32
745000	-981323.85
745200	-981550.56
745400	-981386.87
745600	-981288.14
745800	-981091.89
746000	-981548.1
746200	-981784.46
746400	-981584.79
746600	-981328.11
746800	-981480.49
747000	-981750.6
747200	-981444.66
747400	-981536.76
747600	-981775.63
747800	-981758.21
748000	-981574.42
748200	-981650.92
748400	-981622.4
748600	-981696.64
748800	-981527.37
749000	-981475.1
749200	-981771.85
749400	-981994.04
749600	-981662.81
749800	-981377.66
750000	-981532.88
750200	-981641.49
750400	-981717.71
750600	-981604.86
750800	-981650.64
751000	-981735.93
751200	-981727.82
751400	-982049.12
751600	-981852.49
751800	-981529.85
752000	-981941.78
752200	-982126.25
752400	-981883.11
752600	-981956.73
752800	-981780.45
753000	-981878.33
753200	-982044.73
753400	-982159.35
753600	-981764.33
753800	-981905.75
754000	-981912.2
754200	-981816.31
754400	-982127.41
754600	-981604.93
754800	-981934.01
755000	-982066.89
755200	-981907.12
755400	-982169.62
755600	-982143.25
755800	-982259.25
756000	-982275.85
756200	-982218.57
756400	-982236.93
756600	-982199.47
756800	-982097.56
757000	-981946.18
757200	-982417.66
757400	-982296.43
757600	-982008.45
757800	-982260.77
758000	-982613.27
758200	-982437.52
758400	-982468.23
758600	-982502.91
758800	-982192.5
759000	-982173.04
759200	-982188.83
759400	-982133.15
759600	-982260.38
759800	-982305.3
760000	-982378.23
760200	-982453.16
760400	-982486.11
760600	-982395.92
760800	-981998.04
761000	-982321.84
761200	-982486.67
761400	-982468.55
761600	-982332.4
761800	-982484.68
762000	-982266.3
762200	-982335.74
762400	-982447.53
762600	-982405.11
762800	-982695.77
763000	-982422.14
763200	-982306.41
763400	-982677.08
763600	-982666.23
763800	-982693.42
764000	-982277.74
764200	-982376.71
764400	-982786.48
764600	-982853.83
764800	-982334.19
765000	-982679.5
765200	-982593.98
765400	-982840.76
765600	-982843.68
765800	-982539.59
766000	-982681.36
766200	-982652.35
766400	-982533.5
766600	-982678.12
766800	-982340.97
767000	-982432.47
767200	-982755.41
767400	-982732.85
767600	-982683.85
767800	-982883.68
768000	-982789.66
768200	-982840.46
768400	-982934.3
768600	-982896.24
768800	-982425.34
769000	-982935.05
769200	-983025.36
769400	-983016.52
769600	-983002.89
769800	-982926.56
770000	-983036.44
770200	-983068.96
770400	-982924.45
770600	-982971.64
770800	-982939.45
771000	-983179.72
771200	-982890.11
771400	-982901.89
771600	-983217.12
771800	-982903.1
772000	-983099.88
772200	-983252.5
772400	-983174.36
772600	-983074.7
772800	-983338.61
773000	-983384.92
773200	-983387.44
773400	-983185.83
773600	-983360.5
773800	-983384.53
774000	-983124.49
774200	-983239.95
774400	-983536.15
774600	-983523.33
774800	-983503.45
775000	-983346.88
775200	-983402.44
775400	-983713.86
775600	-983598.1
775800	-983477.5
776000	-983440.69
776200	-983328.38
776400	-983381.75
776600	-983559.22
776800	-983428.49
777000	-983211.23
777200	-983461.23
777400	-983713.24
777600	-983406.04
777800	-983959.45
778000	-983606.01
778200	-983442.35
778400	-983521.73
778600	-983640.38
778800	-983287.76
779000	-983559.33
779200	-983552.81
779400	-983746.4
779600	-983868.4
779800	-983620.98
780000	-983763.34
780200	-983811.34
780400	-983863.6
780600	-983659.61
780800	-983300.44
781000	-983674.65
781200	-983733.67
781400	-983711.93
781600	-983492.62
781800	-983693.55
782000	-983970.02
782200	-984098.16
782400	-983913.19
782600	-983925.15
782800	-983841.11
783000	-984038.45
783200	-983780.43
783400	-984056.83
783600	-983802.01
783800	-984131.04
784000	-983910.36
784200	-984117.28
784400	-983789.72
784600	-983641.99
784800	-984214.66
785000	-983938.03
785200	-983528.77
785400	-983984.16
785600	-984221.8
785800	-984077.31
786000	-983835.68
786200	-984423.87
786400	-984618.43
786600	-984229.77
786800	-984227.56
787000	-984529.64
787200	-984456.18
787400	-984083.03
787600	-984069.46
787800	-984563.1
788000	-984271.97
788200	-984215.97
788400	-984210.86
788600	-984403.99
788800	-984432.07
789000	-984290.82
789200	-984246.22
789400	-984399.08
789600	-984346.02
789800	-984359.35
790000	-984149.97
790200	-984247.09
790400	-984617.82
790600	-984388.09
790800	-984385.05
791000	-984415.51
791200	-984587.7
791400	-984484.6
791600	-984363.28
791800	-984466.43
792000	-984536.34
792200	-984523.0
792400	-984383.52
792600	-984542.06
792800	-984731.38
793000	-984561.17
793200	-984691.22
793400	-984629.91
793600	-984877.21
793800	-984732.46
794000	-984624.77
794200	-984672.67
794400	-984762.24
794600	-984667.39
794800	-985001.86
795000	-984968.26
795200	-984640.06
795400	-984456.95
795600	-984625.6
795800	-984771.19
796000	-985135.38
796200	-984829.91
796400	-984644.55
796600	-984950.9
796800	-984950.1
797000	-984799.99
797200	-984747.37
797400	-984700.84
797600	-984805.25
797800	-985110.74
798000	-984917.4
798200	-984889.59
798400	-985057.11
798600	-984959.32
798800	-984892.15
799000	-984896.55
799200	-985083.14
799400	-985044.82
799600	-985052.33
799800	-985153.66
800000	-985123.67
800200	-985168.81
800400	-985219.94
800600	-985227.12
800800	-985204.69
801000	-985091.68
801200	-985177.13
801400	-984966.24
801600	-985194.22
801800	-985129.05
802000	-985205.52
802200	-985381.85
802400	-985099.75
802600	-985239.75
802800	-985491.83
803000	-985403.18
803200	-985246.26
803400	-985423.36
803600	-985459.5
803800	-985634.22
804000	-985370.97
804200	-985312.33
804400	-985610.19
804600	-985616.35
804800	-985242.12
805000	-985739.94
805200	-985266.12
805400	-985335.21
805600	-985697.1
805800	-985481.21
806000	-985287.57
806200	-985775.34
806400	-985780.99
806600	-985348.68
806800	-985392.79
807000	-985425.6
807200	-985675.0
807400	-986054.09
807600	-985688.54
807800	-985657.91
808000	-985486.29
808200	-985717.77
808400	-985541.28
808600	-985626.09
808800	-985659.48
809000	-985593.57
809200	-985700.03
809400	-985756.07
809600	-985797.02
809800	-985834.83
810000	-985809.51
810200	-985911.45
810400	-986071.71
810600	-985972.97
810800	-985877.23
811000	-985556.27
811200	-986163.17
811400	-986058.6
811600	-985864.63
811800	-985957.09
812000	-986033.78
812200	-986022.57
812400	-985854.06
812600	-986091.31
812800	-986160.81
813000	-985814.64
813200	-985829.74
813400	-985900.64
813600	-986112.84
813800	-986369.34
814000	-986243.65
814200	-986130.53
814400	-986047.5
814600	-986083.91
814800	-985639.71
815000	-986134.64
815200	-986372.22
815400	-986066.91
815600	-986599.72
815800	-986376.94
816000	-986147.44
816200	-986319.6
816400	-986101.94
816600	-985966.36
816800	-986286.21
817000	-986308.49
817200	-986170.84
817400	-985903.26
817600	-986169.71
817800	-986276.31
818000	-986573.06
818200	-986381.76
818400	-986514.91
818600	-986032.7
818800	-986187.32
819000	-986523.14
819200	-986529.24
819400	-986614.66
819600	-986497.08
819800	-986309.83
820000	-986781.44
820200	-986603.7
820400	-986696.87
820600	-986717.49
820800	-986860.24
821000	-986871.84
821200	-986825.43
821400	-986637.98
821600	-986511.28
821800	-986689.64
822000	-986569.13
822200	-986436.69
822400	-986719.32
822600	-986890.77
822800	-986555.58
823000	-986659.75
823200	-986839.81
823400	-986752.88
823600	-986577.44
823800	-986805.04
824000	-986781.26
824200	-986601.8
824400	-986953.73
824600	-987076.49
824800	-986952.59
825000	-986921.65
825200	-987079.81
825400	-986773.74
825600	-986931.06
825800	-987172.98
826000	-986836.4
826200	-986875.96
826400	-987176.61
826600	-986841.07
826800	-987098.31
827000	-987156.63
827200	-987524.53
827400	-987112.73
827600	-987141.6
827800	-987208.0
828000	-986861.07
828200	-986932.55
828400	-987032.13
828600	-987377.96
828800	-987119.31
829000	-987321.84
829200	-987128.61
829400	-987014.98
829600	-987219.68
829800	-987149.59
830000	-987150.53
830200	-986990.13
830400	-986896.98
830600	-986990.45
830800	-987228.14
831000	-987214.76
831200	-987166.93
831400	-987206.82
831600	-987304.19
831800	-987481.12
832000	-987487.11
832200	-987225.24
832400	-987436.44
832600	-987297.68
832800	-987257.88
833000	-987237.72
833200	-987105.78
833400	-987374.66
833600	-987606.37
833800	-987586.18
834000	-987359.37
834200	-987657.78
834400	-987870.22
834600	-987246.27
834800	-987622.39
835000	-987755.52
835200	-987613.14
835400	-987370.63
835600	-987538.45
835800	-987645.14
836000	-987884.79
836200	-987947.38
836400	-987809.04
836600	-987978.42
836800	-987774.69
837000	-987583.14
837200	-987710.23
837400	-987723.71
837600	-987728.52
837800	-987716.4
838000	-987764.38
838200	-987952.42
838400	-987781.05
838600	-987731.91
838800	-988216.53
839000	-987918.28
839200	-987882.47
839400	-987957.63
839600	-987871.51
839800	-987822.92
840000	-988062.73
840200	-987817.78
840400	-988018.99
840600	-988176.17
840800	-987914.43
841000	-987996.88
841200	-988164.72
841400	-988079.12
841600	-988015.41
841800	-988286.1
842000	-988443.88
842200	-988280.26
842400	-988325.59
842600	-988352.67
842800	-988179.83
843000	-988341.08
843200	-988229.65
843400	-987878.21
843600	-988156.1
843800	-988264.32
844000	-988420.9
844200	-988479.99
844400	-988473.35
844600	-988164.13
844800	-988512.24
845000	-988378.34
845200	-988410.22
845400	-988363.15
845600	-988378.56
845800	-988586.83
846000	-988563.62
846200	-988317.52
846400	-988552.98
846600	-988404.29
846800	-988585.34
847000	-988245.8
847200	-988382.16
847400	-988492.05
847600	-988755.54
847800	-988397.31
848000	-988538.44
848200	-988771.84
848400	-988556.08
848600	-988380.85
848800	-988814.14
849000	-988733.45
849200	-989027.61
849400	-988984.71
849600	-988815.71
849800	-988517.81
850000	-988628.99
850200	-988889.26
850400	-988799.56
850600	-989072.78
850800	-988732.09
851000	-988914.98
851200	-989101.6
851400	-988858.17
851600	-988872.72
851800	-989046.22
852000	-988925.23
852200	-988740.27
852400	-989143.59
852600	-989105.23
852800	-988794.66
853000	-988894.16
853200	-988887.04
853400	-988894.24
853600	-989161.27
853800	-989038.51
854000	-989030.2
854200	-989091.51
854400	-989089.44
854600	-989339.16
854800	-989331.68
855000	-989135.66
855200	-989080.39
855400	-989305.84
855600	-989133.91
855800	-989093.86
856000	-989366.84
856200	-989200.8
856400	-988984.06
856600	-989209.14
856800	-989444.7
857000	-989177.34
857200	-989216.12
857400	-989399.11
857600	-989272.7
857800	-989269.56
858000	-989616.23
858200	-989610.99
858400	-989350.24
858600	-989490.9
858800	-989686.84
859000	-989555.42
859200	-989506.63
859400	-989663.3
859600	-989302.87
859800	-989450.82
860000	-989602.12
860200	-989754.05
860400	-990110.93
860600	-989874.67
860800	-989947.37
861000	-989797.02
861200	-989900.14
861400	-989733.55
861600	-989797.1
861800	-989731.11
862000	-989844.89
862200	-990023.74
862400	-990220.78
862600	-990224.83
862800	-990003.91
863000	-990142.3
863200	-990109.29
863400	-990006.43
863600	-990309.11
863800	-990134.82
864000	-990373.91
864200	-990297.29
864400	-990350.53
864600	-990479.16
864800	-990476.77
865000	-990390.63
865200	-990463.06
865400	-990260.13
865600	-990262.53
865800	-990748.8
866000	-990758.38
866200	-990963.88
866400	-990646.51
866600	-990971.9
866800	-990947.5
867000	-990921.59
867200	-991265.71
867400	-991063.75
867600	-990948.26
867800	-991171.07
868000	-991091.57
868200	-991100.1
868400	-991288.51
868600	-991344.89
868800	-991414.31
869000	-991219.85
869200	-991450.11
869400	-991309.27
869600	-991088.81
869800	-991296.39
870000	-991670.57
870200	-991530.79
870400	-991473.53
870600	-991546.39
870800	-991730.95
871000	-991463.08
871200	-991476.67
871400	-991746.79
871600	-991531.11
871800	-991595.06
872000	-991707.72
872200	-991653.83
872400	-991595.01
872600	-991850.84
872800	-991941.0
873000	-991618.29
873200	-991896.26
873400	-991894.5
873600	-991684.96
873800	-992133.13
874000	-992361.23
874200	-991877.11
874400	-991844.79
874600	-992106.79
874800	-992058.09
875000	-992033.36
875200	-992092.0
875400	-991980.01
875600	-992226.32
875800	-992281.23
876000	-992249.74
876200	-992220.54
876400	-992126.49
876600	-991833.96
876800	-992071.87
877000	-992345.88
877200	-992444.65
877400	-992390.77
877600	-992401.23
877800	-992311.33
878000	-992577.18
878200	-992407.43
878400	-992275.94
878600	-992645.45
878800	-992598.91
879000	-992383.94
879200	-992529.39
879400	-992701.08
879600	-992625.04
879800	-992651.1
880000	-992527.96
880200	-992836.16
880400	-992707.79
880600	-992553.16
880800	-992422.87
881000	-992447.57
881200	-992572.74
881400	-992629.0
881600	-992638.86
881800	-992783.58
882000	-992731.01
882200	-992558.04
882400	-992571.21
882600	-992588.11
882800	-992593.76
883000	-992588.73
883200	-992878.42
883400	-992681.24
883600	-992581.02
883800	-992834.74
884000	-992675.7
884200	-992813.81
884400	-992820.16
884600	-992848.81
884800	-993002.42
885000	-992953.86
885200	-993104.11
885400	-993078.63
885600	-992932.09
885800	-993120.92
886000	-993152.39
886200	-993378.13
886400	-993284.34
886600	-992940.03
886800	-992916.6
887000	-992876.35
887200	-993185.85
887400	-993068.51
887600	-993166.65
887800	-993342.05
888000	-993297.53
888200	-993180.58
888400	-993341.26
888600	-993181.29
888800	-993017.09
889000	-993323.73
889200	-993416.95
889400	-993135.4
889600	-993316.84
889800	-993431.35
890000	-992956.53
890200	-993165.03
890400	-993317.77
890600	-993271.19
890800	-993536.95
891000	-993355.84
891200	-993436.59
891400	-993470.59
891600	-993324.67
891800	-993201.53
892000	-993622.67
892200	-993820.91
892400	-993662.02
892600	-993511.52
892800	-993657.79
893000	-993388.74
893200	-993403.94
893400	-993312.01
893600	-993363.38
893800	-993460.11
894000	-993662.47
894200	-993803.68
894400	-993673.76
894600	-993773.06
894800	-993604.56
895000	-993902.38
895200	-993784.99
895400	-993921.4
895600	-993724.03
895800	-993822.42
896000	-994009.22
896200	-993747.71
896400	-993785.58
896600	-994088.3
896800	-993957.3
897000	-993734.73
897200	-993925.43
897400	-993980.83
897600	-993681.22
897800	-993959.42
898000	-994138.01
898200	-994281.3
898400	-994132.77
898600	-994258.23
898800	-994232.05
899000	-993978.75
899200	-993823.34
899400	-994054.15
899600	-994270.63
899800	-994227.49
900000	-993929.84
900200	-994483.22
900400	-994222.99
900600	-994187.67
900800	-994323.28
901000	-994247.28
901200	-994277.09
901400	-994525.29
901600	-994362.06
901800	-994377.03
902000	-994619.95
902200	-994526.26
902400	-994424.19
902600	-994675.97
902800	-994917.15
903000	-994357.88
903200	-994572.54
903400	-994539.26
903600	-994572.16
903800	-994498.14
903931	-994735.74
903931	-994735.74
904000	-994767.82
904200	-994959.39
904400	-994773.64
904600	-994716.69
904800	-994320.75
905000	-994806.12
905200	-994686.34
905400	-994520.76
905600	-994733.12
905800	-994751.44
906000	-994869.25
906200	-994920.49
906400	-994746.1
906600	-994670.09
906800	-994535.3
907000	-994570.38
907200	-994669.86
907400	-994564.72
907600	-994733.76
907800	-994859.34
908000	-994838.0
908200	-994698.26
908400	-994756.67
908600	-994628.8
908800	-994512.83
909000	-994627.28
909200	-994651.22
909400	-994846.81
909600	-994828.0
909800	-994733.28
910000	-994492.38
910200	-994522.69
910400	-994799.26
910600	-994503.74
910800	-994676.63
911000	-995000.37
911200	-994658.21
911400	-994649.31
911600	-994661.88
911800	-994578.77
912000	-994750.39
912200	-994785.19
912400	-994925.17
912600	-994543.81
912800	-994822.66
913000	-994689.73
913200	-994574.15
913400	-994711.87
913600	-994550.75
913800	-994633.06
914000	-994783.31
914200	-994922.97
914400	-994885.62
914600	-994885.7
914800	-994574.99
915000	-994913.54
915200	-994923.5
915400	-994900.66
915600	-994603.26
915800	-994914.83
916000	-994927.76
916200	-994982.66
916400	-994666.61
916600	-994811.94
916800	-995000.81
917000	-994950.59
917200	-994841.49
917400	-994865.42
917600	-995216.48
917800	-994957.9
918000	-995025.57
918200	-995022.64
918400	-994844.83
918600	-994902.66
918800	-994976.6
919000	-994945.36
919200	-994860.3
919400	-995069.97
919600	-994741.48
919800	-995047.27
920000	-995024.25
920200	-994953.77
920400	-994875.73
920600	-995017.23
920800	-994926.2
921000	-994825.53
921200	-994956.69
921400	-994943.61
921600	-994815.18
921800	-995244.16
922000	-995118.61
922200	-994768.67
922400	-994871.96
922600	-995021.68
922800	-994895.22
923000	-994925.85
923200	-994907.88
923400	-995132.41
923600	-995285.6
923800	-995025.14
924000	-995065.05
924200	-995217.95
924400	-994995.03
924600	-994881.2
924800	-995086.29
925000	-995193.99
925200	-994793.94
925400	-994888.4
925600	-995001.34
925800	-994738.73
926000	-994904.22
926200	-994949.75
926400	-994843.7
926600	-994895.01
926800	-995090.34
927000	-994891.91
927200	-994984.97
927400	-994813.47
927600	-995005.47
927800	-994954.58
928000	-994718.0
928200	-994908.26
928400	-995012.3
928600	-995046.63
928800	-994960.6
929000	-995135.2
929200	-994820.05
929400	-994867.08
929600	-995024.29
929800	-995037.14
930000	-995311.38
930200	-995301.49
930400	-995077.44
930600	-995195.65
930800	-995230.23
931000	-994739.87
931200	-994945.39
931400	-995087.03
931600	-994901.09
931800	-994929.35
932000	-995009.68
932200	-994928.24
932400	-995012.81
932600	-994895.84
932800	-994902.95
933000	-995038.45
933200	-995059.81
933400	-995345.91
933600	-995028.42
933800	-994765.44
934000	-995036.97
934200	-995041.05
934400	-994877.45
934600	-994855.11
934800	-995206.1
935000	-995243.03
935200	-995322.25
935400	-995190.96
935600	-994916.2
935800	-995067.59
936000	-994957.03
936200	-994973.23
936400	-994865.62
936600	-995140.04
936800	-995249.42
937000	-994859.66
937200	-995189.46
937400	-995245.33
937600	-995234.93
937800	-995099.71
938000	-995010.62
938200	-995361.63
938400	-995257.09
938600	-995129.16
938800	-995090.16
939000	-995069.59
939200	-995296.35
939400	-995294.29
939600	-995053.72
939800	-995165.49
940000	-994922.91
940200	-995230.02
940400	-994945.57
940600	-994972.58
940800	-995295.18
941000	-995471.35
941200	-995580.0
941400	-995056.25
941600	-995230.02
941800	-995341.07
942000	-995080.07
942200	-995259.35
942400	-995085.63
942600	-994901.0
942800	-995210.69
943000	-995413.65
943200	-995001.56
943400	-994736.77
943600	-995179.24
943800	-995051.49
944000	-995031.22
944200	-995228.49
944400	-995322.15
944600	-995022.72
944800	-995066.04
945000	-994919.84
945200	-994883.61
945400	-995100.76
945600	-995001.32
945800	-995032.23
946000	-995208.27
946200	-995134.61
946400	-995425.03
946600	-995057.66
946800	-995076.55
947000	-995040.9
947200	-995044.86
947400	-995102.27
947600	-995041.43
947800	-995217.52
948000	-995106.85
948200	-994928.75
948400	-995270.43
948600	-995224.11
948800	-995033.76
949000	-995231.57
949200	-995200.52
949400	-995216.1
949600	-995140.94
949800	-995238.35
950000	-994951.23
950200	-995061.25
950400	-995100.45
950600	-995279.38
950800	-995386.22
951000	-995023.2
951200	-995120.26
951400	-995425.68
951600	-995280.31
951800	-995196.02
952000	-995313.57
952200	-995310.72
952400	-994939.84
952600	-995105.63
952800	-995201.35
953000	-995219.72
953200	-995202.56
953400	-995448.49
953600	-995194.8
953800	-994963.6
954000	-995182.9
954200	-995192.96
954400	-995059.34
954600	-995175.48
954800	-995459.77
955000	-995204.9
955200	-995253.92
955400	-995361.72
955600	-995264.86
955800	-995268.5
956000	-995226.01
956200	-995106.62
956400	-995075.01
956600	-995342.79
956800	-995342.03
957000	-995138.96
957200	-995173.66
957400	-995157.83
957600	-995458.13
957800	-995138.19
958000	-995325.66
958200	-995387.53
958400	-995121.93
958600	-995149.05
958800	-995219.99
959000	-995146.41
959200	-995193.08
959400	-995174.86
959600	-994861.78
959800	-994957.09
960000	-994814.08
960200	-994969.59
960400	-995220.03
960600	-994972.92
960800	-995141.65
961000	-995342.39
961200	-995304.01
961400	-994909.46
961600	-994923.67
961800	-995152.85
962000	-995000.03
962200	-995067.75
962400	-995166.28
962600	-995431.89
962800	-995388.75
963000	-995099.16
963200	-994972.99
963400	-995255.32
963600	-995255.48
963800	-995069.96
964000	-995179.33
964200	-994964.98
964400	-995200.77
964600	-995060.55
964800	-995081.52
965000	-995262.35
965200	-995179.23
965400	-995040.01
965600	-995155.39
965800	-995302.75
966000	-995157.52
966200	-995180.83
966400	-995419.21
966600	-995261.25
966800	-995235.01
967000	-994953.95
967200	-995152.45
967400	-995236.98
967600	-995096.79
967800	-994887.38
968000	-995097.81
968200	-994894.11
968400	-995007.33
968600	-995083.63
968800	-995144.4
969000	-994818.42
969200	-995041.25
969400	-995033.36
969600	-994799.02
969800	-995059.45
970000	-995256.23
970200	-995227.34
970400	-995173.41
970600	-994942.21
970800	-994977.97
971000	-995322.01
971200	-995066.66
971400	-995284.12
971600	-995599.77
971800	-995349.34
972000	-995072.78
972200	-995037.08
972400	-995346.33
972600	-995026.27
972800	-995159.74
973000	-995248.08
973200	-995188.91
973400	-995182.36
973600	-995076.02
973800	-995149.52
974000	-994851.46
974200	-995061.42
974400	-995163.85
974600	-995257.23
974800	-994975.89
975000	-995242.33
975200	-995470.3
975400	-995323.29
975600	-995304.94
975800	-995355.64
976000	-995081.17
976200	-995272.07
976400	-995254.42
976600	-995216.74
976800	-995066.95
977000	-995370.63
977200	-995416.9
977400	-995188.63
977600	-995110.93
977800	-995060.48
978000	-995137.23
978200	-994903.79
978400	-995103.82
978600	-995044.3
978800	-995030.97
979000	-994973.31
979200	-995213.94
979400	-995074.98
979600	-994888.13
979800	-995189.59
980000	-995171.27
980200	-995222.82
980400	-995304.99
980600	-994885.99
980800	-995158.43
981000	-995260.88
981200	-995169.12
981400	-995115.71
981600	-995102.42
981800	-995048.83
982000	-995102.84
982200	-995209.07
982400	-995042.15
982600	-995338.56
982800	-995312.16
983000	-995083.62
983200	-995113.96
983400	-995325.23
983600	-995063.9
983800	-995075.84
984000	-995111.73
984200	-994973.03
984400	-994861.72
984600	-995249.34
984800	-995001.77
985000	-995052.98
985200	-995378.67
985400	-995204.41
985600	-995169.24
985800	-995289.38
986000	-995060.81
986200	-995091.68
986400	-994907.94
986600	-995072.0
986800	-995183.65
987000	-995205.01
987200	-995169.41
987400	-995176.19
987600	-995097.76
987800	-995369.49
988000	-995337.53
988200	-994917.24
988400	-994959.04
988600	-995055.53
988800	-995232.15
989000	-995113.42
989200	-995095.08
989400	-995061.38
989600	-994965.7
989800	-995128.69
990000	-995444.87
990200	-995235.45
990400	-995157.5
990600	-995211.21
990800	-995070.45
991000	-995369.3
991200	-995125.15
991400	-994979.17
991600	-994979.98
991800	-995097.79
992000	-995019.28
992200	-995363.54
992400	-995056.98
992600	-995372.54
992800	-995216.16
993000	-995412.77
993200	-995267.76
993400	-995091.72
993600	-995060.07
993800	-995300.53
994000	-995219.66
994200	-995008.33
994400	-994912.99
994600	-995328.6
994800	-995204.21
995000	-994910.04
995200	-995167.09
995400	-995037.47
995600	-995152.04
995800	-995379.59
996000	-995287.39
996200	-994949.48
996400	-995085.75
996600	-995207.02
996800	-995291.33
997000	-994940.79
997200	-995160.54
997400	-995092.8
997600	-995116.31
997800	-994966.96
998000	-994818.64
998200	-995120.18
998400	-995037.51
998600	-995082.68
998800	-995113.3
999000	-994988.46
999200	-994821.56
999400	-995144.87
999600	-995321.87
999800	-994805.1
1000000	-994881.14
1000200	-995112.56
1000400	-995231.05
1000600	-994960.06
1000800	-994975.63
1001000	-995182.58
1001200	-995124.05
1001400	-994925.86
1001600	-994930.42
1001800	-995083.12
1002000	-994971.87
1002200	-994927.83
1002400	-995354.12
1002600	-995226.47
1002800	-995132.82
1003000	-995317.61
1003200	-995121.0
1003400	-995149.73
1003600	-995177.01
1003800	-995316.77
1003931	-995370.81
